Sample	ID1	ID2	ID3	ID4	ID5	ID6	ID7	ID8	ID9	ID10	ID11	ID12	ID13	ID14	ID15	ID16	ID17	ID18	ID19	ID20	ID21	ID22	ID23
Sample_1	60.13635676345347	49.561869779954414	0.0	34.77068568306757	0.0	540.379606595263	0.0	611.1893343076827	69.54130711717599	23.54010333641424	25.646443204953773	0.0	0.0	27.374990938904872	0.0	0.0	0.0	0.0	43.58712366673992	0.0	0.0	15.060347246778349	0.0
Sample_2	0.0	53.77155350773144	76.31463380986492	116.55870799954674	0.0	968.7338574848258	0.0	391.2022156158493	84.77993241419466	0.0	93.11787113669654	0.0	74.09388257142737	177.1836533928452	0.0	0.0	0.0	0.0	154.26061766280813	0.0	0.0	39.163468873705796	0.0
Sample_3	0.0	0.0	0.0	0.0	0.0	361.8973104090191	0.0	0.0	0.0	0.0	14.63003224443065	0.0	0.0	8.51230950614583	0.0	0.0	0.0	0.0	0.0	0.0	0.0	14.213248920676612	71.95608894071297
Sample_4	0.0	104.15156329551891	0.0	53.6082968953853	0.0	261.03882903003114	0.0	0.0	0.0	70.33023526762314	61.849714099610125	0.0	122.94607310948578	211.41923200707856	122.35660643497869	370.76305802759083	0.0	0.0	309.1808644916809	0.0	245.50508500846988	186.38598999654175	0.0
Sample_5	848.8641195772454	4583.436657600717	0.0	505.2634430826142	0.0	99.29870520726291	2110.601049845949	0.0	0.0	0.0	0.0	0.0	0.0	160.20317772805436	399.18031737378436	182.26517915387277	0.0	0.0	144.53241765527574	0.0	236.76620927176617	68.28109873657303	0.0
Sample_6	0.0	66.86748095008195	0.0	43.34861002590585	100.29599098343584	100.58216229643065	0.0	0.0	0.0	32.365767923658424	153.02341940716417	0.0	57.815456872488824	204.2299175153111	30.589055562602937	0.0	0.0	0.0	115.76751900211504	0.0	72.62569450757792	74.1314006277143	0.0
Sample_7	47.855868969676884	31.958575198389028	23.55559498235985	0.0	68.64234646190619	51.194170912295625	0.0	0.0	17.601767582189044	18.65576519874065	49.44956346171177	0.0	11.778758386892722	56.7335074558104	0.0	0.0	0.0	0.0	29.454131320941052	0.0	42.17029428831342	17.713254810497144	25.748981704408664
Sample_8	60.38823783269479	15.567153481837027	0.0	29.993268517121685	0.0	156.7616782314373	0.0	0.0	26.15597624277399	62.962328273148174	19.314682652680002	0.0	15.42129806198004	8.21304910204804	0.0	0.0	0.0	0.0	0.0	0.0	23.468825312859437	0.0	25.579388792070787
Sample_9	0.0	110.41964947538061	0.0	34.649900171304424	0.0	738.892606688371	0.0	0.0	0.0	238.99350425511116	66.38302105111428	0.0	104.8681488939131	154.98139488270374	29.116267578282685	295.3614645149364	0.0	0.0	189.04320206567837	0.0	294.63669602736496	192.2209177577606	0.0
Sample_10	0.0	54.159446359731135	0.0	14.652218426065987	0.0	402.9929538259525	0.0	0.0	0.0	0.0	69.11650661702784	0.0	88.13127288716004	143.57953363297796	34.366314541669844	225.03723647350307	0.0	0.0	182.52788551932952	0.0	100.4409064346998	164.8866309322426	0.0
Sample_11	0.0	35.27004809268131	0.0	23.978826141948474	0.0	94.31447422721862	0.0	0.0	0.0	38.10881017613257	44.324810782586276	0.0	72.13245936538576	163.3094912374459	57.23706822937413	191.21346004397134	0.0	0.0	137.99159932792165	0.0	56.51604187644835	84.12155762464631	0.0
Sample_12	24.13736665295421	8.562593955792531	14.691867569679388	0.0	33.069905271128206	55.702239865346655	0.0	3.684268460955945	0.0	24.489047470702555	10.841393709714232	0.0	6.021696365387074	12.246542629892986	0.0	15.354944486976281	0.0	0.0	6.33159574384125	0.0	28.40629843014657	0.0	0.0
Sample_13	0.0	123.35927399271581	0.0	94.34541286572363	324.8977464179784	150.8189540373656	0.0	0.0	0.0	35.17099803121595	166.83311099989984	0.0	109.98104258550556	532.4663766765408	115.74580916255206	610.4380700475799	0.0	0.0	326.58132425998275	0.0	187.20623909436088	376.6267649083697	0.0
Sample_14	0.0	79.77171872573508	47.141701342008034	50.37013784003094	0.0	45.3839326523163	0.0	0.0	40.276915000105014	12.425606564597205	215.65927725296515	0.0	101.5744654305781	227.90144764864215	0.0	0.0	29.407241573102443	0.0	114.1874678635014	0.0	0.0	44.03997361691759	0.0
Sample_15	0.0	54.17639899576678	28.802690694101567	93.27057067652203	0.0	27.612456613447442	0.0	51.048420755986285	35.88651588483816	28.535785060573588	69.17443567894783	0.0	21.77881083404933	84.1199399592443	0.0	0.0	0.0	0.0	42.859356927710564	0.0	59.29733802972758	32.830797151815126	0.0
Sample_16	0.0	77.76575958896288	0.0	78.77572860067342	0.0	35.9298816167844	0.0	0.0	53.39396583705479	0.0	134.48607793630322	0.0	98.65647896063956	281.83140280683904	89.54812227077902	298.6657735263923	0.0	0.0	152.87726248864288	0.0	0.0	92.04596665485862	0.0
Sample_17	0.0	19.497074742411375	0.0	0.0	51.670252964248405	57.47640341861194	0.0	35.143261018842246	0.0	0.0	18.45913438199267	0.0	26.096293257849258	60.96517533880921	0.0	80.83817204675977	0.0	0.0	60.42654298019619	0.0	0.0	56.07377684266368	0.0
Sample_18	21.521383590295102	38.23134174334995	31.83679232958408	47.98211165319811	0.0	48.90366116936806	0.0	41.61440630270185	27.000037099608903	28.810886984579813	109.66469558947996	0.0	50.19013734166736	102.85283276785155	0.0	0.0	0.0	0.0	117.97375739880977	0.0	0.0	99.73767151983427	0.0
Sample_19	0.0	110.31871775284003	0.0	69.72961785629276	0.0	1294.8103338558476	0.0	0.0	0.0	439.3372807247198	109.03929460927897	0.0	287.5148289661069	349.456958785228	131.69149871991763	752.2154421220923	0.0	0.0	423.9738516043471	0.0	570.3651288327733	418.92278415969423	0.0
Sample_20	0.0	119.20250971898933	0.0	53.661238935925645	0.0	364.54696625567885	0.0	0.0	0.0	146.8876214635186	130.91803570040966	0.0	167.13147558925706	310.6700682856962	130.16484703950786	496.1745669649065	0.0	0.0	273.07543396167995	0.0	228.17252092937105	229.7148012921514	0.0
Sample_21	0.0	27.597620036932074	29.071392003195545	35.93239100739001	66.29725449033712	28.447980690463034	0.0	10.922407667015152	0.0	26.4559176369071	91.82119775186884	0.0	43.82244828137565	99.84674257144162	0.0	0.0	0.0	0.0	52.256880546982465	0.0	0.0	42.53606613616322	0.0
Sample_22	0.0	32.520093375489324	43.08302923815607	25.923721495746776	111.48897089724433	142.0993857596054	0.0	193.68385758613937	0.0	0.0	131.22283329087415	0.0	63.66459309243982	181.38528351069965	0.0	0.0	10.832306652976314	0.0	90.52687663033409	0.0	0.0	70.48546579647632	0.0
Sample_23	0.0	22.01745561980176	0.0	36.148876026685905	0.0	396.4674951405789	0.0	0.0	0.0	0.0	35.84176760158995	0.0	0.0	44.47854183740777	0.0	0.0	0.0	0.0	26.258964185730612	0.0	0.0	19.408763145561878	52.95668306959639
Sample_24	45.27068066523051	124.60070511831175	54.77307072608099	1610.7133076926568	304.5750744449182	166.11003089054918	0.0	135.77746598032633	0.0	0.0	74.1440251710416	0.0	0.0	87.19092100584517	0.0	0.0	0.0	0.0	51.433902717408515	0.0	0.0	38.97821981517251	0.0
Sample_25	0.0	38.58093473140568	0.0	0.0	66.49105435745376	69.1433108911525	0.0	0.0	0.0	28.942885967839032	32.79021776282626	0.0	45.22384658857907	132.57608746465104	32.031861999412534	138.33274241463513	0.0	0.0	77.87046454620268	0.0	73.66373585834286	85.88838584806778	0.0
Sample_26	0.0	63.972473308561085	0.0	44.96480113769357	0.0	802.2324942261567	0.0	266.0280658639978	0.0	0.0	108.59223674483064	0.0	100.02517638437092	180.62025315003385	61.22108714117204	189.90467127183018	0.0	0.0	208.28666377953522	0.0	155.0792950184218	172.19958055889944	0.0
Sample_27	40.337528794944255	22.913961753647285	28.125574876295076	60.44865305204033	0.0	239.56143628953052	0.0	0.0	0.0	0.0	0.0	0.0	15.405073930539668	10.206683134137682	0.0	0.0	15.216203666581409	0.0	19.475756191167285	0.0	0.0	0.0	0.0
Sample_28	0.0	27.899962847277997	34.16449322346862	49.09703558037811	0.0	187.0968485493123	0.0	0.0	0.0	65.87603418820201	80.54550872838593	0.0	28.56449032258672	83.17919092755756	0.0	0.0	0.0	0.0	43.35288260197969	0.0	0.0	41.47936289537958	0.0
Sample_30	0.0	58.54913220675992	52.22238474099133	56.55174062564743	0.0	158.2255350939703	0.0	45.25695047583995	0.0	49.19697935045022	92.99131101407669	0.0	88.06554550660101	153.95217608828509	0.0	153.19567067936018	0.0	0.0	166.2188639638794	0.0	90.63470756737813	147.85068111771272	0.0
Sample_31	0.0	0.0	0.0	49.33933258436262	0.0	1341.1794521639533	0.0	0.0	0.0	0.0	0.0	0.0	0.0	0.0	0.0	16.679651266888193	0.0	0.0	0.0	0.0	0.0	42.333867621342236	0.0
Sample_32	0.0	0.0	0.0	0.0	0.0	2034.4999105899235	0.0	142.06283746867445	0.0	0.0	0.0	0.0	0.0	0.0	0.0	45.691343870670934	0.0	0.0	0.0	0.0	0.0	30.70765911890402	64.05637540180231
Sample_33	88.45516908916078	139.25354482833615	0.0	48.23642528247639	0.0	195.28133845449594	22.990405325435386	158.42581186790034	103.76239156772202	0.0	34.34291840446595	0.0	0.0	23.73459070361875	0.0	0.0	0.0	0.0	21.078649295094028	0.0	66.25722534167394	16.71701065327364	101.16498513182825
Sample_34	251.49024433893408	198.04168557475833	50.720168148173315	48.728599944946176	0.0	78.88879161842745	43.36775682307574	78.62019641328304	99.56796958801586	50.48125743550811	0.0	0.0	23.18215064301354	20.68782305780892	0.0	35.88184678553204	25.005340384795048	0.0	37.76583308791965	0.0	32.214142209928355	0.0	0.0
Sample_35	0.0	15.028387150118355	0.0	30.759385131621517	0.0	1185.0692729401662	0.0	509.71463238286725	0.0	0.0	58.544319366619646	0.0	0.0	27.37197351465915	0.0	0.0	0.0	0.0	103.7976325703216	0.0	0.0	37.61384880329334	93.51059223272733
Sample_36	163.6444261898056	22.200398468487847	28.75350255614006	28.747056533255854	0.0	163.78660119773346	4.575063260697887	159.89633895804235	68.27289465098991	71.13309444777975	29.05277820098581	0.0	18.94628204659236	76.62197908905709	0.0	0.0	0.0	0.0	35.079516863037796	0.0	57.05590512787086	19.304273640408105	0.0
Sample_37	25.53402363464308	20.8665503073289	36.710414444169885	8.988404475423748	127.81079338110027	55.81343478322191	0.0	26.21472960281226	0.0	40.173612318312884	35.06920154606604	0.0	6.6130423892525965	52.452256600827404	0.0	42.14927499393309	0.0	0.0	32.274954264160364	0.0	29.70902005747541	17.31554236680256	0.0
Sample_38	49.25774413545257	3.0763557259132943	0.0	10.695847379163407	0.0	12.14683056035367	0.0	38.455528939336766	12.39389456751214	7.510520506124281	0.0	0.0	0.0	11.687731848949648	24.347865985387426	24.4639539762725	6.499772181467539	0.0	0.0	0.0	32.70899578437782	0.0	32.09361764449184
Sample_39	42.43913447138365	41.31232604689209	48.212880089942935	38.505741699007054	74.7856327853778	35.797716401038734	7.376377896507193	17.517039710564948	0.0	18.163954422282252	40.26188809964237	0.0	14.673299683448157	43.34827229693245	0.0	0.0	0.0	0.0	16.296008119457014	0.0	0.0	12.805772482338048	0.0
Sample_40	160.45723341110397	81.24944590690374	0.0	91.29068155494815	0.0	263.7908942289199	0.0	96.15303100406348	30.788067162027943	40.554075228570305	29.810960270519416	0.0	17.10601882152287	31.818142156748287	52.35253592133238	0.0	15.363861804027296	0.0	34.05963825934637	0.0	53.43208364488791	0.0	0.0
Sample_41	16.7045103549459	17.127834018551233	0.0	20.98800322428561	32.62234445932826	8.380382081219	4.1074052095752105	34.425907647675	7.257264343240954	26.191606901838906	0.0	0.0	0.0	9.377325949228258	0.0	17.25882753648318	10.082041649550831	0.0	26.2060143958659	0.0	0.0	0.0	35.66352726805159
Sample_42	37.43074157351504	13.358481057836583	0.0	24.305991735048266	0.0	18.93675274754769	4.070215129903361	16.818422516464203	39.405416796444406	8.901098042784968	8.352149480431907	0.0	0.0	21.23426099770055	0.0	0.0	0.0	0.0	12.591531137158034	0.0	18.414559168589133	6.277613762221895	0.0
Sample_43	75.54609398787389	27.18759058855414	44.48733544031199	43.75664703486444	75.10074842591926	285.91072103582866	0.0	225.73410303559743	0.0	20.50832126669875	0.0	0.0	0.0	31.984655814993104	0.0	0.0	0.0	0.0	77.95069439979193	0.0	56.01945137040629	27.48933449752069	0.0
Sample_44	30.746735984866188	39.818179300796245	0.0	36.35478250639076	0.0	71.71332277994642	6.280979597486627	25.102317011586205	0.0	28.616387804015623	38.85545410823858	0.0	20.486902633001037	51.977029097376445	26.07131235957112	0.0	0.0	0.0	37.469418773674285	0.0	0.0	8.829736708949206	0.0
Sample_45	0.0	38.125670001275495	109.87933141639316	97.83309203376172	0.0	975.0883174572127	0.0	459.26928353995885	69.71937075251266	0.0	28.757107445527243	0.0	45.740821369655265	57.47600546768005	0.0	0.0	0.0	0.0	106.91381090470233	0.0	0.0	29.794073264710995	0.0
Sample_46	0.0	0.0	0.0	24.157675252540784	0.0	1322.2977695671093	0.0	0.0	0.0	0.0	27.910971224070174	0.0	60.70593328839099	36.492276682890825	0.0	0.0	23.738413917173713	0.0	0.0	0.0	0.0	0.0	0.0
Sample_47	0.0	0.0	0.0	0.0	0.0	215.00611848296194	0.0	0.0	0.0	0.0	1.5844555623316725	0.0	8.59534848384498	0.0	0.0	0.0	0.0	0.0	0.0	0.0	0.0	0.0	0.0
Sample_48	168.26516263475042	25.58045343131261	42.50634240220002	0.0	86.17619516819165	916.3638395903133	0.0	192.45436964878317	0.0	138.1673715644685	28.936681720886078	0.0	0.0	34.666270134548796	0.0	0.0	0.0	0.0	86.69809929233926	0.0	52.5172821294064	0.0	0.0
Sample_49	7743.833276080658	27199.575840889564	1077.3182890127248	1602.2720580802536	0.0	159.39650609747295	2536.4437369321527	0.0	0.0	0.0	0.0	0.0	181.40881442204198	411.62956053175355	0.0	0.0	0.0	0.0	523.4109873162647	0.0	0.0	0.0	0.0
Sample_50	155.6828310071884	98.35325646624487	39.26959221030276	66.94950519473677	0.0	12.905512823750314	0.0	36.401781901055614	60.755096725031315	34.70778254941929	10.797408154656015	0.0	0.0	12.477896136829811	0.0	0.0	0.0	23.41642309615102	41.02975025649308	0.0	0.0	0.0	0.0
Sample_51	15.437852264241714	5.098286855943808	0.0	11.014323754148045	18.176110273088085	19.620696671979722	0.0	11.410094621757048	19.923165746581994	18.511998895221318	7.389420815304064	0.0	7.984633894767079	8.52150886188021	0.0	0.0	0.0	0.0	12.408277398928508	0.0	10.684393908048722	2.099773540034091	11.062290516928812
Sample_52	0.0	9.690674223564208	0.0	27.308108393623066	39.25123355572899	37.37562289591005	0.0	4.015629683859172	0.0	4.86225008230102	28.452587341497033	0.0	10.077743563098153	34.410934833800965	16.692745966213373	0.0	0.0	0.0	8.877259815940011	0.0	28.347405943109493	16.903541686553694	0.0
Sample_53	20.50375136742312	9.665327367555792	16.402941560794268	0.0	46.11178028375243	26.985121747509226	0.0	11.527595450719948	20.721598008091313	21.028583178380117	14.409954289597225	0.0	0.0	1.905583788990333	0.0	0.0	0.0	0.0	9.820832386876932	1.3553358240194002	26.163962407447617	0.0	12.75000115809364
Sample_54	45.37325044011104	20.279882745166372	19.467522559036706	14.254754438230211	43.45766522444399	14.826663517422443	0.0	6.390544086933069	15.118025341808877	11.548768382556817	0.0	0.0	6.394781061418707	22.72433443774707	0.0	19.211042308687656	0.0	0.0	5.708701217327313	0.0	23.167583830088326	5.5155551864484735	0.0
Sample_55	48.15824919426843	0.0	0.0	0.0	0.0	2535.610708935137	0.0	0.0	0.0	0.0	0.0	0.0	0.0	31.58503849062167	0.0	43.95456190228037	0.0	0.0	0.0	0.0	0.0	50.77979369040181	0.0
Sample_56	336.7973524555513	75.73425228324125	0.0	69.00233854808334	0.0	189.5697688614878	0.0	77.2183631769084	93.62960362897822	78.36745991458173	33.168025922145105	0.0	0.0	32.84623793990784	0.0	0.0	0.0	0.0	30.40691036775813	0.0	77.60532356824682	0.0	40.95114610488004
Sample_57	56.98118773368895	57.26737571033874	17.061104503638628	62.17179242353227	0.0	73.17053431712668	10.634059676361407	50.77284819197704	132.60870054059762	25.70646931865303	17.93951571680045	0.0	22.879207368053063	20.37582663723168	0.0	0.0	0.0	0.0	33.22159112797238	0.0	0.0	0.0	0.0
Sample_58	51.773793947000414	60.76784421331105	10.852891494495038	35.84889595437137	0.0	19.439928385412983	0.0	22.66358691970579	40.845545362235946	9.415708656937401	18.475918464540797	0.0	6.990633181128255	17.590674590999665	0.0	0.0	16.401352175385146	0.0	15.092049462312897	0.0	35.19584797476184	0.0	40.56334384801934
Sample_59	0.0	11.463685913353265	0.0	0.0	0.0	10.980212012506847	4.7316958885683755	0.0	0.0	4.636416830356309	6.260721449454692	0.0	0.0	22.865526171892313	0.0	0.0	0.0	6.653865915345845	10.31583485830007	0.0	0.0	7.026480112946685	34.14343251987763
Sample_60	41.659877075937956	15.038324287345182	68.85933558704403	71.24755433247591	90.18247407823104	23.809218830660253	0.0	64.49111858228648	0.0	19.243293366817486	0.0	0.0	11.848813568652737	12.344986078410765	0.0	0.0	19.975553982849796	0.0	15.143046563622446	0.0	0.0	0.0	0.0
Sample_61	169.9471066962552	24.05276365580048	25.44489108447711	77.0349848036272	0.0	26.354823081312183	12.718990085833868	65.51945490517686	40.999936103692775	42.42371455847159	31.49897862193666	0.0	12.570647533302639	36.45789742677989	0.0	0.0	0.0	0.0	22.38051317524763	12.075998372103063	35.89133166172718	0.0	0.0
Sample_62	0.0	12.742743967785106	0.0	20.17029465133946	84.46364690423049	349.73913670141957	0.0	170.25116038399497	0.0	0.0	0.0	0.0	0.0	27.530703280559344	0.0	0.0	0.0	0.0	32.01398134103592	0.0	0.0	0.0	35.48247133233402
Sample_63	12.523403316294944	21.522339915309825	13.315223029190113	29.77135851404335	0.0	251.95782800819467	0.0	135.2763543455348	66.09624149394865	0.0	11.486283605643491	0.0	8.115660283332325	13.208769160421378	0.0	0.0	9.079293318053388	0.0	10.529329478674136	0.0	0.0	0.0	0.0
Sample_64	0.0	0.0	0.0	0.0	0.0	319.5671086192884	0.0	434.2284347265936	24.877057304940784	0.0	0.0	0.0	0.0	0.0	0.0	0.0	26.692360461168207	32.95252196752138	19.51710733752025	0.0	34.359058437489075	0.0	74.96166121630937
Sample_65	107.03370547903434	65.1486118082699	0.0	0.0	0.0	433.8972517599458	11.674264246815955	699.0424520285796	0.0	19.68567592822933	23.752156111546615	0.0	0.0	43.453203972574094	0.0	0.0	0.0	0.0	25.035945221102807	0.0	0.0	0.0	0.0
Sample_66	33.954856272507584	53.30902452747602	0.0	39.50473571954124	56.64828892581912	736.4077800721301	0.0	921.758033015701	75.61368372092878	0.0	0.0	0.0	0.0	44.78820776063053	52.06905756982769	0.0	16.577341603952206	0.0	37.98166134606657	0.0	0.0	0.0	0.0
Sample_68	0.0	75.45758773221941	124.7581898328009	81.51276671987098	248.88330127102194	715.5539616269785	0.0	306.6644985241059	0.0	0.0	60.656902600643356	0.0	44.56423235685196	98.81958429276091	0.0	0.0	0.0	0.0	104.09506720470536	0.0	0.0	46.33221081386195	0.0
Sample_69	122.2072966781887	143.84193177648615	63.08495181854778	69.09054150560907	0.0	63.77974235147934	0.0	49.344591735484286	173.37163068225973	44.55936585340848	24.79606103259116	0.0	0.0	21.688981054978115	0.0	0.0	0.0	0.0	25.25647452690797	0.0	75.48874635945371	0.0	0.0
Sample_70	161.06291597181476	68.58062206487735	0.0	38.29263373612163	0.0	209.07880994939688	0.0	102.89090934888986	41.93281963218755	16.431345859615785	0.0	0.0	0.0	47.919574965447325	0.0	67.89136682330019	0.0	0.0	72.01855096916428	0.0	22.69866322254816	17.775292599141988	70.43873471335908
Sample_71	40.52863283439605	23.959533074371244	14.48959672195668	24.37702389084011	0.0	32.86782682270734	0.0	73.4656255231222	33.98457803354049	25.477076753857393	0.0	0.0	12.336157065732436	9.312032579020848	0.0	14.314124399276881	0.0	0.0	15.805993600062749	0.0	19.917455461438237	0.0	0.0
Sample_72	0.0	4.29576975617772	15.010403196514684	36.95971736535631	0.0	375.08127702921144	0.0	122.65723997549969	0.0	0.0	13.677967092228812	0.0	10.903016140429632	14.473085160578181	0.0	0.0	0.0	0.0	49.36241686898933	0.0	23.118702723902096	18.062844157953087	0.0
Sample_73	149.46981556156894	91.36797862003573	28.577847344036805	53.85359052247643	0.0	26.96432250032984	0.0	79.0349060255885	44.63775851549994	41.05024665666195	26.633041346060864	0.0	22.73302915737125	18.168236356545023	0.0	0.0	9.8616476628603	0.0	25.087352004085098	0.0	60.438192905227176	13.978509443462812	0.0
Sample_74	145.51316437879643	97.39479172263322	49.80409158124246	114.76576751732269	0.0	105.67466252891158	0.0	187.44412905846036	198.41862711735368	100.65538848642076	0.0	0.0	0.0	25.952117206903864	0.0	28.060627577982522	0.0	71.66170784876967	29.049393661684945	0.0	35.248461997322806	0.0	0.0
Sample_75	0.0	174.70870047495958	0.0	104.17113906415639	0.0	2506.6486078205967	0.0	0.0	0.0	0.0	849.7690232375152	0.0	377.82077350198824	607.450509310706	119.53180980948257	0.0	0.0	0.0	523.1012016183706	0.0	470.8211835976085	452.11731067113436	0.0
Sample_76	0.0	112.9189827422314	0.0	86.05756356431274	0.0	803.1275510328396	0.0	0.0	0.0	267.9850642069225	0.0	0.0	192.89617045609106	214.3519631290475	66.63350679626345	659.6829562445295	0.0	0.0	208.25270675181878	0.0	151.58628467649072	135.87426312024542	0.0
Sample_77	0.0	17.001034502732637	0.0	0.0	0.0	11.41749074216846	0.0	0.0	0.0	6.921046108830641	30.595982369657015	0.0	27.09918274453738	28.33660954260614	5.79277305373944	86.09198987178812	0.0	0.0	39.65451774538295	0.0	10.116914615803486	13.159821800060739	36.904476559611204
Sample_78	0.0	209.74220620893553	0.0	86.62801567086792	0.0	1027.3107516407172	0.0	0.0	0.0	292.36852392956723	86.08076011521423	0.0	228.12361222695412	367.01056802798644	120.14237629907728	624.48795595939	0.0	0.0	320.7332770303203	0.0	288.1318729846778	249.07566859589366	0.0
Sample_79	46.59730651481894	20.05816988016231	53.34422034335396	73.6976972258364	0.0	851.2431075201239	0.0	737.9670006472429	0.0	89.67056705700193	0.0	0.0	27.917229633948406	24.684463999278236	0.0	0.0	0.0	0.0	151.14547845725787	0.0	0.0	0.0	0.0
Sample_80	86.27689482933616	109.67558943229388	19.737957625616787	38.276464006702284	0.0	31.07416679440492	0.0	13.976282349841275	20.394960319784495	9.480306923726918	8.27604079573616	0.0	13.682764774861292	20.451376625212607	0.0	0.0	16.388089598279468	0.0	31.99264799765882	0.0	51.572319533670324	0.0	42.62394350115102
Sample_81	63.33788569071305	141.34118079353848	94.31000564085893	65.26184710209083	282.98908083250194	159.06042027934683	0.0	49.23113285378204	0.0	37.31500397524102	90.52195567636824	0.0	79.60795038826184	164.5588177468227	0.0	164.71394986436644	0.0	0.0	71.17899132033392	0.0	150.61978003595664	49.72376492893325	0.0
Sample_82	0.0	0.0	17.85122439903436	25.179732961411414	0.0	457.4263950205182	0.0	456.2204158971041	0.0	0.0	0.0	0.0	0.0	27.603070030495715	0.0	0.0	0.0	0.0	54.55654629573173	0.0	38.43488349039822	14.453957962205155	0.0
Sample_83	7.978777963616875	9.08187387077367	18.1151260432769	40.51497471662414	30.49030474400429	16.955517049813622	0.0	16.242998294260637	6.186169006849743	6.377975197069841	0.0	0.0	0.0	2.2410628237615233	0.0	0.0	0.0	0.0	8.575766259142227	0.0	0.0	3.6368339952666497	0.0
Sample_84	0.0	26.400172769552633	80.38755003555148	25.241277747774664	201.58913575445433	615.9398350123238	0.0	844.4622885150384	0.0	0.0	0.0	0.0	0.0	23.272073521519246	0.0	0.0	0.0	0.0	42.278564610119304	0.0	0.0	0.0	0.0
Sample_85	41.67885788410376	10.231376981179995	9.551681986322139	24.584643847933812	0.0	20.688606328191423	0.0	11.831768497775034	34.97534806659538	17.630048077350292	0.0	0.0	0.0	0.0	0.0	16.28384057027422	0.0	0.0	2.860256815131402	0.0	4.326802991059363	5.5514843054342045	0.0
Sample_86	76.52538334981766	29.92711404735261	0.0	49.51993590706557	0.0	244.41658806381545	0.0	208.31984618923178	0.0	0.0	0.0	0.0	0.0	28.228881870373296	0.0	22.325049423205517	0.0	0.0	127.94857833446717	0.0	48.4025688596475	24.420734512886206	104.08418771834562
Sample_87	0.0	0.0	0.0	0.0	0.0	20395.871402868797	0.0	0.0	0.0	0.0	0.0	0.0	0.0	0.0	0.0	0.0	0.0	0.0	0.0	0.0	0.0	0.0	0.0
Sample_88	608.0898507783986	5621.386056161197	144.23724060488377	495.59527612087527	0.0	78.92601300787643	327.23912884857555	63.587322481910476	152.1728735280338	0.0	0.0	0.0	0.0	68.67309750688992	0.0	0.0	0.0	0.0	72.21723420712527	0.0	133.4410029307328	0.0	0.0
Sample_89	47.24438070790794	21.296873640307744	0.0	28.01791375897686	0.0	99.69078529979244	12.4714413767232	0.0	21.755297509593074	50.70454944217132	0.0	0.0	9.863226407193489	0.0	17.4809256342618	14.095281432956327	0.0	0.0	0.0	0.0	27.618956876424022	0.0	0.0
Sample_90	64.78495017215525	6.1271866125662715	0.0	17.458397774754012	0.0	6.582570528708299	9.694199886849242	24.66537820536559	11.981736485195349	0.0	4.957077426044128	0.0	10.100588505892416	6.183896756919512	0.0	0.0	0.0	0.0	7.4779831642719286	0.0	33.012378810356665	4.493181650637766	25.678829472898272
Sample_91	68.86198393011736	45.97685917064187	0.0	446.5011013020699	0.0	48.07012582420226	15.818707756843864	67.46327081393878	17.999862730947818	0.0	31.106292494249086	0.0	0.0	5.662410435111255	22.77640870399474	0.0	0.0	24.046887019052047	15.76266141604397	0.0	0.0	13.093044201701925	0.0
Sample_92	338.8349541086062	186.5895092766497	45.462316431554704	50.31150411900971	82.1912033700443	128.2868865375452	0.0	123.84227444204632	151.06166411039467	69.2746618033976	35.861685338187435	0.0	0.0	36.11539121793817	0.0	0.0	0.0	0.0	29.797041533101876	13.05527228210714	0.0	0.0	0.0
Sample_94	25.536212215619848	10.128147982013425	47.976296402434926	37.17984964641588	101.35001918154651	24.720886663672495	0.0	39.6353766739768	0.0	19.878754303151332	27.262000405487655	0.0	13.13110526578017	10.271761162241564	0.0	0.0	0.0	0.0	11.052628809560678	0.0	19.90003028057872	0.0	0.0
Sample_95	79.0454498712356	129.4591359653205	19.795449219156172	25.011263876947748	0.0	49.2073845318682	0.0	16.439464125999212	64.08417457103529	28.438599988735767	0.0	0.0	19.86473922244738	9.566579570760636	0.0	22.00547061214621	11.95363128054774	0.0	31.472029983994965	0.0	32.76092619075804	0.0	0.0
Sample_96	137.87761338874668	116.22837621680344	165.9927728258695	135.7665739833867	71.64512214239863	432.4788919968032	0.0	241.52084131579835	373.6564781530028	91.98117347098284	0.0	0.0	0.0	57.62328445367145	0.0	30.94892224465559	0.0	0.0	91.6600935269473	0.0	58.21037020062778	25.391977383847518	0.0
Sample_97	1.5020071017076253	5.548206266985931	4.921941537559535	14.98979415985453	0.0	10.121282858412938	0.0	9.60100788375998	9.296196440085753	5.084501594024511	0.0	0.0	0.0	3.7751883585654773	0.0	0.0	0.0	0.0	17.571736146686003	0.0	0.0	0.0	0.0
Sample_98	44.84246549971157	31.703855752608668	66.01997562911262	45.05025347200502	0.0	169.57416965154448	0.0	134.1874088122654	95.64071479744815	27.214708050427582	0.0	0.0	0.0	27.378486054517985	0.0	37.244133315362205	0.0	23.036821904746287	49.13755302831231	0.0	0.0	15.177143807434035	0.0
Sample_99	46.0580793981058	62.143382706665015	0.0	48.72453994024727	0.0	112.54319616697768	3.8390785938265335	37.73584421231188	66.03119885643106	41.96142396462124	0.0	0.0	26.346134183571845	24.825624335644815	0.0	76.1959773778576	0.0	0.0	11.553209143148255	0.0	11.944773896405877	0.0	59.414495398709356
Sample_100	146.13557797686303	181.66570711198696	98.67113777119376	55.989917331918946	83.62147558201374	128.25941815232144	0.0	83.06682788172506	153.72090254496925	54.80912709128442	0.0	0.0	24.34181287643922	43.49192022192141	0.0	0.0	0.0	0.0	40.31887718738899	0.0	0.0	13.727789375403148	0.0
Sample_101	53.673727957460066	25.763848482725983	15.474547219288139	40.398745722506	0.0	87.91432409676334	0.0	38.19499179500191	52.90092091690673	36.35967241461041	0.0	0.0	15.572607078183921	32.766593984695376	0.0	34.06450925944605	0.0	0.0	16.03885763731634	0.0	0.0	7.828899772869782	0.0
Sample_102	252.3519494736473	184.88398099256202	84.7690498040601	87.61331151538019	137.65059133697957	120.46497589409604	0.0	218.47128980095957	72.22450146298189	0.0	23.06443692427139	0.0	56.894282134820784	18.11503642015429	0.0	0.0	0.0	0.0	39.10836794333635	0.0	174.49255333374623	0.0	0.0
Sample_103	28.635093482312264	0.0	43.17051511703156	21.25675507835261	0.0	304.43916095835345	18.372061999828965	0.0	0.0	0.0	0.0	0.0	0.0	3.7484654035180243	0.0	0.0	8.728147982544911	0.0	0.0	0.0	0.0	0.0	38.645781804458935
Sample_104	27.410240722944422	28.668099874033565	16.315205650367563	29.189220237937427	0.0	39.15574325484851	0.0	19.195611485139146	23.544523090941997	0.0	0.0	0.0	0.0	7.742756935208683	0.0	8.556486469378083	0.0	0.0	5.675854381032085	0.0	42.666825653437535	0.0	22.78159922105047
Sample_107	20.88651938267527	18.7300647075995	0.0	49.526764707089875	0.0	164.06949061148995	0.0	0.0	45.51843501373096	0.0	63.66136371144889	0.0	37.75835299720792	44.57134878824887	0.0	0.0	22.676337136356096	0.0	20.476790030348067	0.0	0.0	7.9593849731939414	0.0
Sample_108	128.85532027606462	0.0	0.0	8.15341959845829	0.0	652.1080369818196	8.257162397231944	0.0	0.0	250.95137574691287	29.20139125827523	0.0	31.095746241678665	16.33219840371957	0.0	0.0	0.0	0.0	0.0	0.0	0.0	0.0	0.0
Sample_109	0.0	0.0	0.0	0.0	0.0	1539.5945007465732	0.0	0.0	0.0	0.0	0.0	0.0	65.15267297236163	30.38789793412894	0.0	25.22209796142962	22.222855857916585	0.0	0.0	0.0	0.0	0.0	0.0
Sample_110	0.0	24.95936058997216	0.0	28.144921668245466	0.0	357.40444505769256	0.0	0.0	0.0	0.0	42.866119889321766	0.0	34.099209224382435	72.71728190542167	0.0	0.0	20.67097809222237	0.0	0.0	0.0	0.0	0.0	24.91286411157186
Sample_111	0.0	122.32762874631251	0.0	62.99139126988464	0.0	2352.0405344038318	0.0	0.0	0.0	0.0	0.0	0.0	124.64286955055289	21.666270800664037	0.0	130.34168833109504	0.0	0.0	0.0	0.0	0.0	0.0	0.0
Sample_112	16.571838643468237	20.11539228639892	0.0	0.0	38.46749160072807	461.5032697340911	0.0	369.5761414464639	0.0	0.0	8.463820331406954	0.0	12.979068913631618	17.511912559474794	0.0	0.0	0.0	0.0	11.310840455597706	0.0	17.82318956061698	7.2525334856679855	0.0
Sample_113	22.917242237722025	29.750683871959648	44.927751019066	0.0	0.0	575.1619792184429	0.0	612.516295387812	95.981641446765	0.0	0.0	0.0	0.0	25.99562371737892	0.0	0.0	0.0	54.12259402113499	60.55942285109609	0.0	68.0870884812803	0.0	0.0
Sample_114	0.0	93.36298981272948	0.0	62.48433077201395	0.0	378.0283690092765	0.0	0.0	0.0	0.0	54.06380697889165	0.0	72.07029331447238	109.59763251892068	0.0	150.31742507289903	0.0	0.0	63.714931502623244	0.0	0.0	25.424757146356157	74.11566751213597
Sample_115	56.08424216296156	56.5086687534469	0.0	39.17182183725547	0.0	1265.6543453770935	0.0	0.0	0.0	0.0	0.0	0.0	0.0	27.25658684621024	0.0	56.48760731523616	28.40991581090276	0.0	0.0	0.0	0.0	0.0	0.0
Sample_116	0.0	98.05240271645891	88.38659945190611	43.38822867196485	111.86787640244981	179.41200320797154	0.0	0.0	0.0	79.09642331923796	53.08108398539703	0.0	106.24102902457031	235.74833746624546	0.0	315.65284629763414	0.0	0.0	55.61432759458636	0.0	0.0	23.789818851514852	0.0
Sample_117	0.0	175.86397241847743	0.0	0.0	0.0	21.475195365429947	0.0	0.0	0.0	0.0	58.22485483319184	0.0	100.98577264971023	162.52580308680055	0.0	292.67327469898936	0.0	0.0	63.568292969542384	0.0	45.08041201601165	30.73579594842306	304.1603878414775
Sample_118	126.58211191902804	214.60457218818752	0.0	100.91492950942865	0.0	4031.490558977126	0.0	0.0	0.0	0.0	0.0	0.0	228.63216652103966	117.12079267788121	0.0	429.18584285422656	0.0	0.0	81.26636006994659	0.0	0.0	86.20379283174552	0.0
Sample_119	2514.1347282747447	101.86799539628382	57.842230585501866	18.922525796484415	0.0	82.95975245942735	0.0	0.0	0.0	0.0	0.0	0.0	43.18818179703057	372.9324103569455	0.0	263.84276948743707	0.0	0.0	309.0969235424018	0.0	0.0	77.46091321029866	0.0
Sample_120	0.0	159.88451991178889	0.0	77.93345381786638	0.0	3865.4763124681203	0.0	0.0	0.0	0.0	0.0	0.0	0.0	42.80452588380645	0.0	41.95815812912713	22.234653641471397	0.0	0.0	0.0	0.0	0.0	0.0
Sample_121	15.0601915383383	42.15037684416425	10.082796486960822	20.877221396861938	0.0	356.793382938582	0.0	387.88672155827476	41.496974373125454	0.0	0.0	0.0	0.0	11.261004722527863	0.0	0.0	0.0	0.0	31.60884946584413	0.0	0.0	0.0	0.0
Sample_122	14.641241466070573	0.0	30.19750549623712	10.635148369837033	0.0	285.95829938089855	0.0	0.0	0.0	108.2070342159915	42.7233132836275	0.0	45.52326058218834	48.47453695041548	0.0	0.0	0.0	0.0	0.0	0.0	22.540652967344684	0.0	0.0
Sample_123	0.0	134.02226219021813	35.13800394001907	58.86639558941821	0.0	1587.3036681842536	0.0	0.0	0.0	0.0	0.0	0.0	118.36994752695688	61.41775796069722	0.0	154.5083761094719	12.973474958342365	0.0	0.0	0.0	0.0	56.26962082582306	0.0
Sample_125	58.38173246989832	16.44666278141454	20.984384369847962	32.19900567029859	40.17461518850427	30.287121404928573	0.0	30.50657448814739	9.42268997777089	21.334917166933643	21.373090584138126	0.0	3.72375816936774	3.8054028152503934	0.0	0.0	0.0	0.0	7.0382747596566375	0.0	39.401143811654556	0.0	0.0
Sample_126	75.54292867207693	57.09511447028605	33.948332545207265	42.113536983288846	80.50476650005345	32.756810584086075	0.0	52.31667425614813	71.8135241863001	13.800141660099365	14.396730152839508	0.0	0.0	5.376800352357449	0.0	0.0	8.632092566885474	0.0	14.395564730900759	0.0	45.55730730025644	0.0	0.0
Sample_127	37.76763574408417	7.588934917173005	14.764567668679414	432.73795824073517	0.0	35.04617749592045	0.0	44.032218701571	0.0	0.0	16.2443957181974	0.0	0.0	6.389408090115243	0.0	0.0	7.65187712188677	0.0	12.211392364529281	0.0	0.0	0.0	52.04182603190347
Sample_128	84.83886381529523	27.729340429349747	24.89480155501087	41.11017042981474	0.0	36.05247957192932	0.0	79.299575839992	29.32196328889875	27.86884710272626	20.48617995379268	0.0	13.163405756892175	12.15284318989401	0.0	0.0	0.0	0.0	16.234581601621905	0.0	46.83199112333203	0.0	0.0
Sample_131	27.96335053643732	18.05281620154885	0.0	0.0	0.0	5.390388169711516	4.999674539864043	16.879076322709974	29.299937160280827	0.0	0.0	0.0	2.7137050742309	8.601548811506797	0.0	0.0	0.0	0.0	7.333872279264608	0.0	13.394081527437818	4.436668127558303	20.669280501933343
Sample_132	12.158036600217075	2.9904973025670643	9.253935412599205	7.7701206432810235	0.0	11.370793144613785	0.0	6.639426715945679	15.520590824610439	6.413248136429394	0.0	0.0	0.0	0.0	0.0	12.280317794027908	0.0	0.0	0.0	0.0	5.705420748639577	0.8861253712288066	0.0
Sample_133	71.13772400152334	9.969855032940654	11.992187823623565	34.7720934855459	28.62925351388256	9.297410409613382	0.0	34.34556481075256	27.0726027403103	35.5439702187428	29.98549300344851	0.0	0.0	8.335039401086357	0.0	0.0	0.0	0.0	12.935444531938156	3.010993591753664	18.65665066270255	0.0	0.0
Sample_134	18.475726215950857	7.277722556941673	18.05131039012448	8.10927607295166	0.0	2.227876876703236	0.0	14.142614304616233	12.163475038505869	3.5658732683885384	18.284006603156108	0.0	9.888998248151001	5.945684224823193	0.0	0.0	0.0	0.0	7.220752505443637	0.0	36.92528682185339	0.0	0.0
Sample_135	11.330594238630376	27.152549293576723	0.0	42.505271532520396	0.0	239.1133194606348	9.102170214363863	0.0	0.0	0.0	0.0	0.0	21.079482150461892	24.7911104863815	0.0	40.77474474288471	0.0	0.0	11.172436754400206	0.0	0.0	0.0	33.19380799032415
Sample_136	0.0	264.87410712544266	0.0	125.97816485418689	0.0	5965.9081487226185	0.0	0.0	0.0	0.0	573.6749299890103	0.0	375.04942709866225	427.0170832375816	0.0	0.0	0.0	0.0	231.83910352371683	0.0	0.0	220.66195997473662	0.0
Sample_137	38.91981492633188	17.11408192248406	49.409774041178096	76.81397583524719	0.0	16.706083298482163	0.0	30.620173144125296	186.3179079963066	22.299495002231577	0.0	0.0	0.0	14.947178838383223	0.0	19.610865651161305	0.0	0.0	39.997940446211324	0.0	70.03753616995476	8.609616032746018	0.0
Sample_138	21.339161264267375	0.0	103.12060436890654	65.44799913176959	320.70546716326606	31.890440772371367	0.0	529.3728781958483	0.0	0.0	0.0	0.0	35.85867846276704	0.0	0.0	0.0	0.0	0.0	0.0	0.0	0.0	0.0	146.29654168810725
Sample_139	39.239142188117015	18.92131779405723	0.0	27.622602458280365	0.0	70.54164831833322	0.0	8.480431349588542	19.916893279051077	40.58509095495113	0.0	0.0	10.363662025003062	10.327999867989242	0.0	27.898330042648645	0.0	0.0	0.0	0.0	10.05302947250928	0.0	0.0
Sample_140	48.45184398493292	20.382273868100842	80.5526909511275	18.97919788524826	0.0	75.00621109435426	0.0	63.8875921212969	102.57980511423442	31.06975864396034	0.0	0.0	0.0	11.433832323633133	0.0	0.0	0.0	0.0	30.95918143326817	2.070200721511563	28.97642030381392	0.0	0.0
Sample_141	49.5738101275889	72.24167538271314	28.64598255531687	59.416646047672714	58.814651862275	193.1597588835839	0.0	0.0	44.09692915002755	0.0	42.77103374861804	0.0	13.782926726526291	41.48699400115038	0.0	0.0	0.0	0.0	29.285802860564168	0.0	81.32526708849697	15.233688689866398	0.0
Sample_142	28.08315102959957	39.28376713013015	0.0	33.12118614435204	0.0	731.2343462311677	0.0	675.8769773054867	0.0	0.0	0.0	0.0	0.0	11.162440477327948	0.0	0.0	0.0	0.0	34.257868898855634	0.0	45.242874953147535	0.0	0.0
Sample_143	0.0	112.4844898896573	46.084643111857176	69.10998683734282	0.0	646.701747437456	0.0	404.0681319610363	132.3043829870966	0.0	0.0	0.0	47.61694149760517	84.74130652904677	0.0	145.52499785684256	0.0	0.0	69.27971203035237	0.0	0.0	19.36077042372417	0.0
Sample_144	11.839747030827239	11.955996036655279	11.92327650638253	18.766806904304183	0.0	57.06470494090708	0.0	1.8383436538433315	11.800196129847553	25.64142483096405	22.321125100106364	0.0	7.24183436512986	15.186401518055145	0.0	0.0	0.0	0.0	1.4391099416545847	0.0	0.0	0.0	0.0
Sample_145	43.45871543940022	10.451870349887363	0.0	23.273523422237513	0.0	8.78894618936197	0.0	19.254110457798248	0.0	9.642426130605756	0.0	0.0	0.0	4.815588379643521	16.66626633029374	12.275669357553301	0.0	0.0	0.0	0.0	0.0	6.909995080740161	31.286607033382875
