Sample	SBS1	SBS2	SBS3	SBS4	SBS5	SBS6	SBS7a	SBS7b	SBS7c	SBS7d	SBS8	SBS9	SBS10a	SBS10b	SBS10c	SBS10d	SBS11	SBS12	SBS13	SBS14	SBS15	SBS16	SBS17a	SBS17b	SBS18	SBS19	SBS20	SBS21	SBS22a	SBS22b	SBS23	SBS24	SBS25	SBS26	SBS27	SBS28	SBS29	SBS30	SBS31	SBS32	SBS33	SBS34	SBS35	SBS36	SBS37	SBS38	SBS39	SBS40a	SBS40b	SBS40c	SBS41	SBS42	SBS43	SBS44	SBS45	SBS46	SBS47	SBS48	SBS49	SBS50	SBS51	SBS52	SBS53	SBS54	SBS55	SBS56	SBS57	SBS58	SBS59	SBS60	SBS84	SBS85	SBS86	SBS87	SBS88	SBS89	SBS90	SBS91	SBS92	SBS93	SBS94	SBS95	SBS96	SBS97	SBS98	SBS99
Sample_1	411.4372031529295	976.4557722430866	2894.7584113349976	0.0	0.0	0.0	0.0	0.0	0.0	0.0	2094.0256455793065	0.0	0.0	136.39261550723842	0.0	0.0	0.0	0.0	1900.3748791420005	0.0	0.0	0.0	0.0	67.08845907167901	0.0	0.0	0.0	0.0	0.0	0.0	0.0	0.0	0.0	0.0	0.0	0.0	0.0	0.0	0.0	534.0430660007331	0.0	0.0	0.0	0.0	1263.5607760279263	0.0	1378.6657295150014	0.0	0.0	0.0	0.0	0.0	0.0	421.25729154071496	0.0	486.7221828889641	0.0	0.0	0.0	0.0	0.0	0.0	0.0	0.0	0.0	0.0	0.0	0.0	0.0	0.0	0.0	0.0	0.0	0.0	0.0	0.0	203.0385828880244	0.0	0.0	0.0	0.0	0.0	0.0	0.0	0.0	0.0
Sample_2	463.31304513836614	317.6971474635242	2726.7953019335173	0.0	2722.721597616276	0.0	0.0	0.0	0.0	728.3019347792808	4415.4002742206985	0.0	0.0	0.0	0.0	0.0	0.0	0.0	608.778666870711	0.0	0.0	0.0	0.0	0.0	0.0	0.0	0.0	0.0	0.0	0.0	0.0	0.0	0.0	0.0	0.0	0.0	0.0	0.0	0.0	927.4214415791341	0.0	0.0	0.0	0.0	3023.751148244413	0.0	2266.7247924376093	0.0	0.0	0.0	0.0	0.0	0.0	0.0	0.0	1302.9524078259801	0.0	0.0	0.0	0.0	0.0	0.0	0.0	0.0	0.0	0.0	0.0	0.0	0.0	0.0	0.0	0.0	0.0	0.0	0.0	0.0	0.0	0.0	0.0	0.0	0.0	0.0	0.0	0.0	0.0	0.0
Sample_3	405.9076194869797	258.64039352264933	0.0	0.0	0.0	880.928383398352	0.0	301.82462022937847	0.0	0.0	314.25520002120675	0.0	0.0	484.3169439938737	0.0	0.0	0.0	0.0	75.7527225685965	0.0	0.0	0.0	0.0	0.0	0.0	0.0	0.0	0.0	202.79618128637392	0.0	0.0	0.0	0.0	0.0	0.0	0.0	0.0	0.0	0.0	693.3404916780111	113.6054509928009	0.0	0.0	0.0	1309.905553196687	0.0	0.0	0.0	0.0	0.0	0.0	0.0	0.0	0.0	0.0	701.461189088476	0.0	0.0	0.0	0.0	238.58761764819926	0.0	83.705563078654	0.0	0.0	0.0	0.0	0.0	0.0	0.0	0.0	0.0	0.0	751.8423318712972	0.0	0.0	0.0	0.0	910.6985290270802	0.0	0.0	0.0	0.0	176.06640082253182	0.0	0.0
Sample_4	1762.43841242252	2760.1898825907565	0.0	0.0	0.0	0.0	0.0	0.0	0.0	2792.890040894478	3160.829393687103	0.0	0.0	0.0	0.0	0.0	0.0	0.0	3417.9195541243007	0.0	0.0	1891.248379774715	0.0	0.0	0.0	0.0	0.0	1897.0118778729732	1037.762440382166	0.0	0.0	0.0	0.0	0.0	0.0	0.0	0.0	0.0	0.0	3953.9332892337625	0.0	0.0	0.0	0.0	13608.191296188461	0.0	1002.5326093535422	0.0	0.0	0.0	0.0	0.0	895.8135840032563	0.0	0.0	8812.919648682271	0.0	0.0	205.075012434317	0.0	0.0	0.0	0.0	0.0	0.0	0.0	0.0	0.0	0.0	0.0	835.4412496619052	0.0	0.0	0.0	0.0	0.0	0.0	0.0	0.0	0.0	0.0	0.0	0.0	0.0	0.0	0.0
Sample_5	10398.53731408453	413.7561434054793	0.0	0.0	0.0	10585.571614364251	0.0	888.0314484835583	0.0	0.0	2922.095743174939	0.0	0.0	552.3126235573445	0.0	0.0	0.0	0.0	246.75940548397168	0.0	0.0	0.0	0.0	0.0	0.0	0.0	2221.452516537202	1219.3918319808172	0.0	0.0	0.0	0.0	0.0	2545.5151959179298	0.0	0.0	0.0	0.0	0.0	0.0	0.0	628.1136306827843	0.0	0.0	4850.599002011893	0.0	0.0	0.0	0.0	0.0	0.0	0.0	0.0	0.0	0.0	0.0	0.0	0.0	0.0	0.0	0.0	0.0	0.0	0.0	0.0	0.0	0.0	0.0	0.0	0.0	0.0	0.0	0.0	0.0	0.0	0.0	0.0	0.0	0.0	0.0	0.0	0.0	0.0	0.0	0.0	0.0
Sample_6	1004.764980030578	290.7895329144766	0.0	0.0	0.0	0.0	0.0	0.0	0.0	629.5971988301259	959.2014270147869	0.0	0.0	245.3142241265634	0.0	0.0	0.0	0.0	221.01702268568235	0.0	0.0	0.0	0.0	0.0	0.0	0.0	0.0	0.0	0.0	0.0	0.0	0.0	0.0	0.0	0.0	0.0	0.0	0.0	0.0	1405.1417161933603	0.0	244.22273006685492	0.0	0.0	4139.021307280487	0.0	729.2663647921511	0.0	0.0	0.0	0.0	0.0	0.0	0.0	0.0	1610.3327030680512	0.0	0.0	0.0	193.66894934206513	0.0	0.0	0.0	0.0	0.0	0.0	0.0	0.0	0.0	0.0	0.0	0.0	0.0	0.0	0.0	0.0	0.0	0.0	1861.3630829994363	0.0	0.0	0.0	0.0	0.0	0.0	0.0
Sample_7	365.63901696530286	1209.08232628205	0.0	0.0	0.0	278.286351070767	0.0	0.0	0.0	268.1653020819845	770.0037043285048	0.0	0.0	0.0	0.0	0.0	0.0	0.0	745.4656879311913	0.0	0.0	387.2887609936808	0.0	0.0	262.61138336130455	190.1669091227595	0.0	215.53481625132193	0.0	0.0	0.0	0.0	0.0	0.0	0.0	0.0	0.0	353.19277806992756	0.0	293.2983734411785	0.0	98.8766652600647	0.0	0.0	1240.7393628639156	0.0	209.25523969011306	0.0	0.0	0.0	0.0	0.0	0.0	0.0	0.0	936.2850300942545	0.0	0.0	0.0	130.7333356915833	0.0	0.0	0.0	0.0	0.0	0.0	0.0	0.0	0.0	0.0	0.0	0.0	0.0	0.0	0.0	0.0	0.0	0.0	0.0	0.0	0.0	0.0	0.0	0.0	0.0	0.0
Sample_8	1561.7254118359754	69.46224827514618	0.0	0.0	1457.7318974090906	420.26390038183064	0.0	0.0	0.0	0.0	464.96364898381614	0.0	0.0	578.5371291178934	0.0	0.0	0.0	0.0	121.29946362796433	0.0	0.0	0.0	0.0	0.0	376.39638706847734	0.0	0.0	0.0	0.0	0.0	0.0	0.0	0.0	0.0	0.0	0.0	0.0	0.0	156.01253500814187	0.0	0.0	86.32643986509247	0.0	0.0	483.07090002506783	0.0	0.0	0.0	0.0	0.0	0.0	0.0	0.0	0.0	0.0	0.0	0.0	0.0	0.0	0.0	228.77453217374676	0.0	0.0	0.0	0.0	0.0	0.0	0.0	0.0	0.0	0.0	0.0	0.0	0.0	0.0	0.0	0.0	0.0	0.0	0.0	0.0	0.0	0.0	130.69008603965233	0.0	0.0
Sample_9	2170.799785807483	1026.2168679469607	0.0	0.0	0.0	0.0	0.0	0.0	0.0	1343.1352891303316	6465.68702397042	0.0	0.0	0.0	0.0	0.0	0.0	0.0	1084.1062404466893	0.0	0.0	0.0	0.0	0.0	0.0	0.0	0.0	0.0	1247.32815434876	0.0	0.0	0.0	0.0	0.0	0.0	0.0	0.0	0.0	0.0	6369.827538857535	0.0	579.0027340628624	0.0	0.0	21398.027526775833	0.0	0.0	0.0	0.0	0.0	0.0	0.0	997.505163980061	0.0	0.0	7073.995700282324	0.0	0.0	278.17624067575844	0.0	0.0	0.0	0.0	0.0	0.0	0.0	0.0	0.0	0.0	0.0	1407.064583484886	0.0	0.0	1420.8404735246395	0.0	0.0	0.0	0.0	0.0	0.0	0.0	0.0	0.0	669.0152878431566	0.0	1610.2922939771106
Sample_10	1416.2105888405088	449.51921321536076	0.0	0.0	0.0	0.0	0.0	0.0	0.0	0.0	2430.536163105397	0.0	0.0	0.0	0.0	0.0	0.0	0.0	611.570101920431	0.0	0.0	0.0	0.0	0.0	0.0	0.0	455.58465048284955	0.0	868.3613867300343	0.0	0.0	0.0	0.0	0.0	0.0	0.0	0.0	0.0	0.0	3948.55907956537	0.0	431.6269486488086	0.0	0.0	12896.427128658659	0.0	0.0	0.0	0.0	0.0	0.0	0.0	570.7765490055803	0.0	0.0	3728.8500454316686	0.0	0.0	0.0	0.0	0.0	0.0	277.54748355496616	0.0	0.0	0.0	0.0	0.0	0.0	0.0	1225.7151495442927	0.0	0.0	0.0	0.0	0.0	0.0	0.0	0.0	0.0	0.0	0.0	0.0	483.5646045258296	456.1272901159318	0.0
Sample_11	760.3538769151825	257.53723133584356	0.0	0.0	0.0	0.0	0.0	0.0	0.0	1182.7871129905336	1766.3023994900648	0.0	0.0	230.03648923302597	0.0	0.0	0.0	0.0	344.96889901215485	0.0	0.0	0.0	0.0	0.0	0.0	0.0	0.0	442.6970638208943	549.5184076804081	0.0	0.0	0.0	0.0	0.0	0.0	0.0	0.0	0.0	0.0	2357.9835781742195	0.0	0.0	0.0	0.0	8689.81247886499	0.0	0.0	0.0	0.0	0.0	0.0	0.0	0.0	0.0	0.0	2705.0044358681207	0.0	0.0	0.0	0.0	594.6321428584889	0.0	131.6097761543133	0.0	0.0	0.0	0.0	0.0	0.0	0.0	600.7330881370647	0.0	0.0	0.0	0.0	0.0	0.0	0.0	0.0	0.0	0.0	0.0	0.0	0.0	0.0	0.0
Sample_12	378.4119075590418	28.52641597853072	0.0	0.0	486.63850573562416	286.07418606451444	0.0	0.0	0.0	72.66876397149301	223.90075146293898	0.0	0.0	188.58925956841182	0.0	0.0	0.0	0.0	0.0	0.0	0.0	0.0	0.0	0.0	0.0	0.0	0.0	0.0	0.0	0.0	0.0	0.0	0.0	0.0	0.0	0.0	105.089844820884	0.0	0.0	0.0	0.0	48.381128299185	0.0	0.0	370.9100747259448	0.0	119.7652236377219	0.0	0.0	0.0	0.0	0.0	0.0	0.0	0.0	235.01535689363303	0.0	0.0	0.0	0.0	141.43060564508704	0.0	0.0	0.0	0.0	0.0	0.0	0.0	0.0	0.0	0.0	0.0	0.0	0.0	0.0	0.0	0.0	0.0	362.57714428417955	0.0	0.0	0.0	0.0	0.0	0.0	0.0
Sample_13	1650.9315238365043	797.0417964125215	0.0	0.0	0.0	0.0	0.0	0.0	0.0	3757.9228112408587	3692.8234956675565	0.0	0.0	0.0	0.0	0.0	0.0	0.0	1140.1111977666822	0.0	0.0	2365.2699888510974	0.0	0.0	0.0	0.0	0.0	2483.405527398989	1141.7584320020483	0.0	0.0	0.0	0.0	0.0	0.0	0.0	0.0	0.0	0.0	4523.39449307772	0.0	0.0	0.0	0.0	13904.58910942316	0.0	1849.0005740193976	0.0	0.0	0.0	0.0	0.0	801.883514099598	0.0	0.0	10314.443382727179	0.0	0.0	0.0	0.0	0.0	0.0	0.0	0.0	0.0	0.0	0.0	0.0	0.0	0.0	895.2260226184472	0.0	0.0	0.0	0.0	0.0	0.0	0.0	0.0	0.0	0.0	0.0	0.0	0.0	0.0	0.0
Sample_14	417.71828477832395	0.0	0.0	0.0	0.0	0.0	0.0	0.0	0.0	2468.1025894350046	0.0	0.0	0.0	0.0	0.0	0.0	0.0	0.0	0.0	0.0	0.0	1254.0880412252532	702.8727584514946	0.0	0.0	0.0	0.0	1500.3198464969464	416.2057976249425	0.0	0.0	0.0	0.0	0.0	0.0	0.0	0.0	0.0	0.0	1169.9192817803005	0.0	0.0	0.0	0.0	4387.492601235186	0.0	0.0	0.0	0.0	0.0	0.0	0.0	81.03378825524089	0.0	0.0	3741.579773693845	0.0	0.0	0.0	0.0	0.0	0.0	0.0	0.0	0.0	0.0	0.0	0.0	0.0	0.0	0.0	0.0	227.1680911016956	160.94218883094325	0.0	0.0	0.0	0.0	0.0	0.0	0.0	0.0	0.0	0.0	0.0	0.0
Sample_15	901.2647463212649	144.82550655533984	0.0	0.0	0.0	0.0	0.0	0.0	0.0	0.0	671.2929263430152	0.0	0.0	209.62816020611308	0.0	0.0	0.0	0.0	365.8201870254776	0.0	0.0	295.5147228937856	0.0	0.0	0.0	256.0230867333927	0.0	280.0751514530584	0.0	0.0	0.0	0.0	0.0	0.0	101.9474927272948	0.0	0.0	0.0	0.0	490.77036017159134	0.0	157.20690814459297	0.0	0.0	1573.024761686011	0.0	583.7923142884397	1477.1592259529223	0.0	0.0	0.0	0.0	0.0	0.0	0.0	615.4560209269171	0.0	0.0	0.0	0.0	0.0	0.0	0.0	0.0	0.0	0.0	0.0	0.0	0.0	0.0	0.0	0.0	0.0	0.0	0.0	0.0	0.0	0.0	0.0	0.0	0.0	0.0	0.0	0.0	223.26587880008304	0.0
Sample_16	594.8245097006097	0.0	0.0	0.0	0.0	0.0	0.0	0.0	0.0	2733.8443990545848	0.0	0.0	0.0	183.57950323966605	0.0	0.0	0.0	0.0	0.0	0.0	0.0	1333.3636435307046	414.92264077211007	0.0	0.0	0.0	0.0	1444.7632664206349	331.4342432605744	0.0	0.0	0.0	0.0	0.0	0.0	0.0	0.0	0.0	0.0	1117.6782522215963	0.0	0.0	0.0	0.0	3486.9901014104726	0.0	635.0241284687772	0.0	0.0	0.0	0.0	0.0	148.70110135791427	0.0	0.0	3892.887662518429	0.0	0.0	0.0	170.64367276069697	0.0	0.0	0.0	0.0	0.0	0.0	0.0	0.0	0.0	0.0	0.0	0.0	0.0	0.0	0.0	0.0	0.0	0.0	0.0	0.0	0.0	0.0	0.0	0.0	0.0	0.0
Sample_17	250.33253511912062	57.02945823247339	0.0	0.0	0.0	0.0	0.0	0.0	0.0	737.3371587395014	0.0	0.0	0.0	0.0	0.0	0.0	0.0	0.0	101.37905679110278	134.64569860132295	0.0	477.6087236997181	417.6538672254305	0.0	0.0	91.03821397096269	0.0	505.83008384628573	208.10941757292764	0.0	0.0	0.0	0.0	0.0	0.0	0.0	0.0	0.0	0.0	525.1841669764316	0.0	0.0	0.0	0.0	1152.0574265892228	0.0	250.04416810944048	0.0	0.0	0.0	0.0	0.0	0.0	0.0	0.0	483.93545507740026	0.0	0.0	0.0	175.80103375711732	0.0	0.0	57.704392652337944	0.0	0.0	0.0	0.0	0.0	0.0	0.0	0.0	0.0	0.0	0.0	126.94211192882631	0.0	0.0	0.0	0.0	0.0	0.0	0.0	0.0	0.0	0.0	0.0
Sample_18	859.2540747675604	249.9948509187764	0.0	0.0	0.0	0.0	0.0	0.0	0.0	425.6997169398453	1734.787358921186	0.0	0.0	0.0	0.0	0.0	0.0	0.0	275.28641022295886	0.0	0.0	0.0	0.0	0.0	0.0	0.0	0.0	0.0	0.0	325.8476257111715	0.0	0.0	0.0	0.0	0.0	0.0	0.0	766.6017887150224	0.0	1064.8810432990877	0.0	0.0	0.0	0.0	4653.714383610345	0.0	0.0	0.0	0.0	0.0	0.0	0.0	0.0	0.0	0.0	1006.6190709149998	0.0	0.0	0.0	0.0	325.4732411994881	0.0	118.1644157932053	0.0	0.0	0.0	0.0	0.0	0.0	0.0	346.77180637832726	0.0	0.0	0.0	0.0	0.0	0.0	0.0	0.0	0.0	0.0	0.0	0.0	0.0	150.861790069615	0.0
Sample_19	3167.0406966646665	2147.4826401024707	0.0	0.0	0.0	0.0	0.0	0.0	0.0	0.0	10113.22842387315	0.0	0.0	0.0	0.0	0.0	0.0	0.0	2667.3450880498617	0.0	0.0	0.0	0.0	0.0	0.0	0.0	0.0	0.0	3055.638071615795	0.0	0.0	0.0	0.0	0.0	0.0	0.0	0.0	0.0	0.0	12696.494868742866	0.0	1196.1045618960418	0.0	0.0	43523.0253262131	0.0	0.0	0.0	0.0	0.0	0.0	0.0	1878.4514324345112	0.0	0.0	16494.994402274864	0.0	0.0	0.0	0.0	0.0	0.0	913.8408869961801	0.0	0.0	0.0	0.0	0.0	0.0	0.0	4316.512543841327	0.0	0.0	2764.835403371704	0.0	0.0	0.0	0.0	0.0	0.0	0.0	0.0	0.0	0.0	0.0	0.0
Sample_20	1807.392295966843	723.210633625479	0.0	0.0	0.0	0.0	0.0	0.0	0.0	1479.1042209479344	4172.1432144085065	0.0	0.0	0.0	0.0	0.0	0.0	0.0	774.1380259780307	0.0	0.0	0.0	0.0	0.0	0.0	0.0	0.0	1197.2899617053708	1296.899112141848	0.0	0.0	0.0	0.0	0.0	0.0	0.0	0.0	0.0	0.0	5480.690529039222	0.0	428.16008296267637	0.0	0.0	18640.638794252678	0.0	0.0	0.0	0.0	0.0	0.0	0.0	1138.6109759303229	0.0	0.0	6606.512973065149	0.0	0.0	0.0	0.0	0.0	0.0	445.92027557078745	0.0	0.0	0.0	0.0	0.0	0.0	0.0	1584.713435711949	0.0	0.0	0.0	0.0	0.0	0.0	0.0	0.0	0.0	0.0	0.0	0.0	0.0	737.7195758046146	0.0
Sample_21	681.7869706365664	322.067664584578	0.0	0.0	0.0	0.0	0.0	0.0	0.0	2582.4949919493056	0.0	0.0	0.0	199.9718049634119	0.0	0.0	0.0	0.0	399.0707270007057	0.0	0.0	1353.3074925667167	366.9929875577425	0.0	0.0	0.0	0.0	1410.8066501145054	263.42187426984515	0.0	0.0	0.0	0.0	0.0	0.0	0.0	0.0	0.0	0.0	499.63093814992095	0.0	0.0	0.0	0.0	2330.1229022011094	0.0	185.1130761309649	0.0	0.0	0.0	0.0	0.0	0.0	0.0	0.0	4036.551031459229	0.0	0.0	0.0	103.19281330957726	0.0	0.0	0.0	0.0	0.0	0.0	0.0	0.0	0.0	0.0	0.0	0.0	0.0	0.0	0.0	0.0	0.0	0.0	0.0	0.0	0.0	0.0	0.0	0.0	0.0	0.0
Sample_22	450.5063633010315	0.0	0.0	0.0	0.0	0.0	0.0	0.0	0.0	1728.9018734280546	1619.8077559905719	0.0	0.0	130.18071922436735	0.0	0.0	0.0	0.0	192.10364591527377	0.0	0.0	1018.3000489626909	454.31353104212974	0.0	0.0	0.0	0.0	1079.1493394447714	0.0	0.0	0.0	0.0	0.0	0.0	0.0	0.0	0.0	520.4605241786678	0.0	528.3319309817749	0.0	0.0	0.0	0.0	1660.1257950971587	0.0	1116.5315678344127	0.0	0.0	0.0	0.0	0.0	125.86658740304802	0.0	0.0	1763.8896036729823	0.0	0.0	0.0	0.0	0.0	0.0	0.0	0.0	0.0	0.0	0.0	0.0	0.0	0.0	0.0	0.0	0.0	0.0	0.0	0.0	0.0	0.0	0.0	0.0	0.0	0.0	0.0	0.0	0.0	0.0
Sample_23	922.0963436916488	356.8655070475415	0.0	0.0	0.0	0.0	0.0	0.0	0.0	0.0	835.1704596752992	0.0	0.0	340.1970855569529	0.0	0.0	0.0	0.0	153.83264035911952	0.0	0.0	257.91752066156886	0.0	0.0	0.0	0.0	0.0	0.0	103.27838149456389	0.0	0.0	0.0	0.0	0.0	0.0	0.0	0.0	0.0	0.0	771.6697631380978	0.0	115.07751948168108	0.0	0.0	2186.999376799636	0.0	0.0	0.0	0.0	0.0	0.0	0.0	0.0	0.0	0.0	315.3211088585909	0.0	0.0	0.0	0.0	0.0	85.26656988661826	94.7004603949082	0.0	0.0	0.0	0.0	0.0	0.0	0.0	435.6934315470681	0.0	0.0	0.0	0.0	0.0	0.0	0.0	0.0	0.0	0.0	0.0	0.0	164.52866558164322	128.5961727620554	0.0
Sample_24	1419.618441042052	299.1958446468472	0.0	0.0	0.0	0.0	0.0	0.0	918.7517129219171	0.0	3236.800805577599	0.0	0.0	392.66779855498913	0.0	0.0	0.0	0.0	573.6093509687853	0.0	0.0	0.0	1969.6165966012788	238.96225680119701	1239.0649985465448	0.0	0.0	0.0	0.0	0.0	0.0	0.0	0.0	0.0	0.0	0.0	0.0	0.0	0.0	1081.495778174098	410.5506815076946	0.0	0.0	0.0	7874.988127142973	0.0	724.9011174533521	3632.872687261879	0.0	0.0	2840.98811667513	0.0	0.0	0.0	0.0	0.0	0.0	0.0	0.0	0.0	0.0	0.0	0.0	0.0	0.0	0.0	0.0	0.0	0.0	0.0	0.0	2093.2624058923925	0.0	0.0	0.0	0.0	0.0	0.0	0.0	0.0	0.0	0.0	0.0	0.0	383.5843297820811	851.4172545717001
Sample_25	721.4611205745801	1035.1529635308113	0.0	0.0	0.0	0.0	0.0	0.0	0.0	701.2091374198843	1284.4198370726072	0.0	0.0	243.75237322484853	0.0	0.0	0.0	0.0	1410.2827988515523	0.0	0.0	0.0	0.0	0.0	0.0	0.0	254.40659016885428	0.0	377.4313785971381	0.0	0.0	0.0	0.0	0.0	0.0	0.0	0.0	0.0	0.0	1413.400008201836	0.0	0.0	0.0	0.0	5010.372955943296	0.0	0.0	0.0	0.0	0.0	0.0	0.0	0.0	0.0	0.0	2154.6581261301894	0.0	0.0	0.0	276.87050237269176	0.0	0.0	0.0	0.0	0.0	0.0	0.0	0.0	0.0	0.0	199.72210034472718	0.0	0.0	0.0	0.0	0.0	0.0	0.0	1578.455442382023	0.0	0.0	0.0	0.0	0.0	0.0	469.6325175858183
Sample_26	1269.0194609978057	780.3801569410485	0.0	0.0	0.0	0.0	0.0	0.0	0.0	1771.4181505806703	4061.370950678147	0.0	0.0	0.0	0.0	0.0	0.0	0.0	843.5923856247632	0.0	0.0	1478.9344452511377	0.0	0.0	0.0	802.6625352741212	581.6914267542726	941.6719030599066	754.9048908077077	0.0	0.0	0.0	0.0	0.0	0.0	0.0	0.0	0.0	0.0	3073.3149673183734	0.0	0.0	0.0	0.0	8626.285420642203	0.0	2714.1481079972923	0.0	0.0	0.0	0.0	0.0	690.0516072561205	0.0	0.0	4346.6769254001665	0.0	0.0	0.0	0.0	0.0	0.0	0.0	0.0	0.0	0.0	0.0	0.0	0.0	0.0	0.0	0.0	0.0	0.0	0.0	0.0	0.0	0.0	0.0	0.0	0.0	0.0	0.0	0.0	395.337355270106	0.0
Sample_27	724.3019641465935	135.03973746707376	0.0	1019.4057397410465	0.0	486.47033293766	0.0	0.0	0.0	0.0	0.0	0.0	0.0	277.85080046820434	0.0	0.0	0.0	0.0	177.09040341655862	0.0	0.0	0.0	0.0	0.0	1662.8975350620212	0.0	0.0	0.0	0.0	0.0	0.0	0.0	0.0	0.0	0.0	0.0	1572.0818436991685	0.0	138.36806648840525	0.0	0.0	70.16316672242279	0.0	0.0	998.8431058995384	0.0	0.0	0.0	0.0	0.0	0.0	0.0	0.0	0.0	0.0	501.9968334428323	0.0	0.0	0.0	1093.3612381719106	0.0	329.00160929574366	0.0	0.0	0.0	0.0	0.0	0.0	0.0	0.0	0.0	0.0	0.0	0.0	0.0	0.0	0.0	0.0	0.0	0.0	0.0	0.0	0.0	0.0	0.0	0.0
Sample_28	753.4609480925433	300.70601554200834	0.0	0.0	0.0	0.0	0.0	0.0	0.0	0.0	1840.6826703329891	0.0	0.0	256.8515296295897	0.0	0.0	0.0	0.0	218.0640832027501	0.0	0.0	0.0	0.0	0.0	0.0	0.0	0.0	0.0	0.0	0.0	0.0	0.0	0.0	0.0	0.0	0.0	0.0	0.0	0.0	1630.2779117582365	0.0	279.8555423827994	0.0	0.0	5145.326315657845	0.0	0.0	0.0	0.0	0.0	0.0	0.0	264.8661783172792	0.0	0.0	1499.9544215586038	0.0	0.0	0.0	0.0	0.0	0.0	0.0	0.0	0.0	0.0	0.0	0.0	0.0	0.0	441.20459673905333	0.0	0.0	0.0	0.0	0.0	0.0	0.0	2176.8466177151136	0.0	0.0	0.0	0.0	0.0	285.5805385648564	411.15221382615476
Sample_30	1036.7929531112738	326.8958597267547	0.0	0.0	0.0	0.0	0.0	0.0	0.0	0.0	2158.4027429255448	0.0	0.0	252.05098838391893	0.0	0.0	0.0	0.0	0.0	0.0	0.0	0.0	0.0	0.0	0.0	0.0	0.0	0.0	0.0	0.0	0.0	0.0	0.0	0.0	0.0	0.0	0.0	0.0	0.0	2034.0558334082004	0.0	272.25233254509226	0.0	0.0	5987.531318829499	0.0	1603.6546268946888	0.0	0.0	0.0	0.0	0.0	0.0	0.0	0.0	1529.0631213902443	0.0	0.0	0.0	0.0	760.5608993222552	0.0	0.0	0.0	0.0	0.0	0.0	0.0	0.0	0.0	706.5437647598192	0.0	0.0	0.0	0.0	0.0	0.0	0.0	2887.9511996026454	0.0	0.0	0.0	0.0	0.0	0.0	0.0
Sample_31	1320.5906402864205	4905.765245953747	0.0	0.0	0.0	0.0	0.0	0.0	0.0	0.0	3162.022304600982	0.0	0.0	758.2399577632916	0.0	0.0	0.0	0.0	5612.24832411825	0.0	0.0	0.0	0.0	0.0	0.0	1151.0830193856884	0.0	0.0	0.0	0.0	0.0	0.0	0.0	0.0	0.0	0.0	0.0	0.0	0.0	2257.6745072337417	0.0	257.89961670630726	0.0	0.0	6755.854323030456	0.0	1589.1908695946247	0.0	0.0	0.0	0.0	0.0	0.0	0.0	0.0	1879.82594947984	0.0	0.0	0.0	0.0	938.7155224421798	0.0	476.67320050495914	0.0	0.0	0.0	0.0	0.0	0.0	0.0	0.0	0.0	0.0	0.0	0.0	0.0	0.0	0.0	0.0	0.0	0.0	0.0	0.0	0.0	0.0	0.0
Sample_32	0.0	963.3227387914676	0.0	0.0	0.0	1373.6839700286855	0.0	0.0	0.0	0.0	3819.990031186046	0.0	0.0	492.38705439054223	0.0	0.0	0.0	0.0	1666.0631317063926	0.0	0.0	0.0	0.0	0.0	0.0	0.0	0.0	0.0	0.0	0.0	0.0	0.0	0.0	0.0	0.0	0.0	0.0	0.0	0.0	1255.3562714038874	0.0	0.0	0.0	0.0	2410.6572943299275	0.0	3902.3434484542527	0.0	0.0	0.0	0.0	0.0	0.0	0.0	0.0	1770.8589941256687	0.0	0.0	0.0	785.2932684516568	0.0	0.0	0.0	0.0	0.0	0.0	0.0	0.0	0.0	0.0	0.0	0.0	0.0	1236.8732577897772	0.0	0.0	0.0	0.0	2328.0743503505055	901.9317891316405	0.0	0.0	1358.9558653967847	0.0	0.0	0.0
Sample_33	769.2749009173845	361.85452116083303	0.0	0.0	3676.900501482859	0.0	0.0	0.0	0.0	0.0	3394.0572908811796	0.0	0.0	0.0	493.0199389531197	0.0	0.0	0.0	581.8248648167516	0.0	0.0	0.0	0.0	252.69359291383964	0.0	0.0	0.0	0.0	0.0	0.0	0.0	0.0	0.0	0.0	0.0	0.0	0.0	0.0	0.0	0.0	0.0	0.0	0.0	0.0	900.4939890581695	0.0	2283.2043734192944	3017.9116926100905	0.0	0.0	0.0	0.0	276.9223812199525	0.0	0.0	0.0	0.0	0.0	0.0	0.0	0.0	0.0	0.0	0.0	0.0	0.0	0.0	0.0	0.0	0.0	0.0	0.0	0.0	0.0	0.0	0.0	0.0	0.0	0.0	0.0	0.0	0.0	0.0	0.0	0.0	0.0
Sample_34	882.5293004094859	252.46614500639427	1423.0081790798554	0.0	2353.3965422858596	0.0	0.0	0.0	0.0	0.0	1141.7626090275053	0.0	0.0	0.0	0.0	0.0	0.0	0.0	324.1695512121131	0.0	0.0	0.0	0.0	95.87191188433927	1105.2607205654317	0.0	0.0	200.50837874921382	0.0	0.0	0.0	0.0	0.0	0.0	0.0	0.0	0.0	394.1074010096575	0.0	0.0	0.0	371.9419960275605	0.0	0.0	818.3204972029055	0.0	0.0	0.0	0.0	0.0	0.0	0.0	0.0	346.32830594496454	0.0	0.0	0.0	0.0	0.0	0.0	0.0	0.0	0.0	0.0	0.0	0.0	0.0	0.0	0.0	0.0	0.0	0.0	0.0	0.0	0.0	0.0	243.03051432048096	0.0	0.0	0.0	0.0	0.0	0.0	0.0	224.4612983314355	0.0
Sample_35	518.5432432115332	515.0185593243664	0.0	0.0	0.0	0.0	0.0	0.0	0.0	0.0	2818.8931065790566	772.471378977431	0.0	0.0	0.0	0.0	0.0	0.0	2182.657492871252	0.0	0.0	425.71168882685896	0.0	0.0	0.0	406.0549652394692	0.0	0.0	0.0	0.0	0.0	0.0	0.0	0.0	0.0	0.0	0.0	719.1304165081654	0.0	0.0	0.0	0.0	0.0	0.0	1388.1439088292414	0.0	6105.8152209999225	0.0	0.0	0.0	0.0	0.0	0.0	637.4660780667418	0.0	907.8126627705483	0.0	0.0	0.0	0.0	0.0	0.0	0.0	0.0	0.0	0.0	0.0	0.0	0.0	0.0	0.0	0.0	0.0	0.0	0.0	0.0	0.0	0.0	0.0	0.0	0.0	0.0	0.0	0.0	0.0	0.0
Sample_36	648.1605874167133	855.4294021580671	3373.1735064114587	0.0	0.0	0.0	0.0	0.0	0.0	0.0	0.0	0.0	0.0	170.29005604378114	0.0	0.0	0.0	426.63061840078734	1767.343686689331	0.0	0.0	0.0	0.0	0.0	353.69564404573117	0.0	0.0	0.0	0.0	0.0	0.0	0.0	0.0	0.0	0.0	0.0	0.0	0.0	0.0	0.0	0.0	239.97874353358918	0.0	0.0	526.2646237083823	0.0	0.0	1817.2489812919719	0.0	0.0	0.0	0.0	0.0	0.0	0.0	0.0	0.0	0.0	0.0	0.0	0.0	0.0	0.0	0.0	0.0	0.0	0.0	0.0	0.0	0.0	0.0	0.0	0.0	0.0	0.0	0.0	0.0	0.0	0.0	0.0	0.0	0.0	0.0	0.0	540.9824213589832	0.0
Sample_37	737.8322727427872	0.0	0.0	0.0	0.0	0.0	0.0	0.0	0.0	0.0	1166.8809790240753	0.0	0.0	246.96730985064738	0.0	0.0	0.0	0.0	0.0	0.0	0.0	0.0	0.0	0.0	280.4572442022559	337.1071620459208	0.0	0.0	0.0	0.0	0.0	0.0	0.0	0.0	133.72653702176078	0.0	0.0	567.1668845423552	0.0	411.79426770633285	0.0	148.18535559592263	0.0	0.0	2149.9081932119493	0.0	795.704020636158	0.0	0.0	0.0	0.0	0.0	0.0	0.0	0.0	744.6008468669007	0.0	0.0	0.0	0.0	0.0	0.0	0.0	0.0	0.0	0.0	0.0	0.0	0.0	0.0	0.0	259.41910450311025	0.0	0.0	0.0	0.0	0.0	0.0	0.0	0.0	0.0	0.0	0.0	0.0	0.0	812.8811563358302
Sample_38	393.6336224503731	1959.0447772252594	0.0	0.0	1149.1282623200298	0.0	0.0	0.0	0.0	67.90640432525082	135.3682900626001	0.0	0.0	128.98417324409778	0.0	0.0	0.0	0.0	472.4118365959201	0.0	0.0	0.0	0.0	0.0	0.0	130.90900379686414	0.0	0.0	0.0	0.0	0.0	0.0	0.0	0.0	0.0	0.0	0.0	0.0	0.0	0.0	0.0	41.92604834635296	0.0	0.0	0.0	0.0	0.0	627.029873999674	0.0	0.0	0.0	0.0	0.0	0.0	0.0	214.42802247605482	0.0	0.0	0.0	0.0	0.0	0.0	0.0	0.0	0.0	0.0	0.0	0.0	0.0	0.0	0.0	0.0	0.0	0.0	0.0	0.0	0.0	0.0	0.0	0.0	0.0	0.0	0.0	0.0	0.0	0.0
Sample_39	451.49786811889106	211.38533162286043	0.0	0.0	0.0	400.482059784338	0.0	0.0	0.0	0.0	430.8774051035248	0.0	0.0	153.98735262011752	0.0	0.0	0.0	0.0	226.53724583811677	0.0	0.0	162.45624229555173	0.0	0.0	308.2714215702534	0.0	0.0	0.0	0.0	185.20085285443966	0.0	0.0	0.0	0.0	0.0	0.0	0.0	0.0	0.0	300.0893078672877	0.0	73.78933190229105	0.0	0.0	958.1749919502801	0.0	300.98856738787515	1146.3015291943361	0.0	0.0	0.0	0.0	0.0	0.0	0.0	398.3365986794518	0.0	0.0	0.0	192.52885431736763	0.0	0.0	0.0	0.0	0.0	0.0	0.0	0.0	0.0	0.0	0.0	0.0	0.0	0.0	0.0	0.0	0.0	0.0	0.0	0.0	0.0	0.0	0.0	104.17505666885341	0.0	0.0
Sample_40	495.1399719159327	505.70755852128354	0.0	0.0	0.0	0.0	0.0	0.0	0.0	0.0	0.0	0.0	0.0	0.0	0.0	0.0	0.0	0.0	768.6111960433312	0.0	0.0	0.0	0.0	109.06006713111218	0.0	0.0	0.0	521.0539277733496	0.0	0.0	0.0	0.0	0.0	0.0	0.0	0.0	283.8028754189561	0.0	0.0	0.0	0.0	0.0	0.0	0.0	434.739132050635	0.0	0.0	2101.7277058382547	0.0	2149.590566255506	0.0	0.0	0.0	0.0	0.0	776.0606332223865	0.0	0.0	0.0	302.2444927997678	0.0	0.0	0.0	0.0	0.0	0.0	0.0	0.0	0.0	0.0	0.0	0.0	418.14045490704984	0.0	472.63402258389715	0.0	134.55796275771277	0.0	0.0	0.0	0.0	0.0	0.0	0.0	0.0	0.0
Sample_41	302.4457935879049	0.0	0.0	0.0	0.0	0.0	0.0	0.0	0.0	627.756970577496	252.78750413063545	0.0	0.0	56.8866166638924	0.0	0.0	0.0	0.0	0.0	0.0	0.0	151.80484117799233	0.0	0.0	0.0	0.0	0.0	342.75720078913355	0.0	0.0	0.0	0.0	0.0	0.0	0.0	0.0	0.0	0.0	0.0	0.0	0.0	0.0	0.0	0.0	0.0	0.0	152.31856900154884	1076.2067285687683	0.0	0.0	0.0	0.0	0.0	0.0	0.0	1107.1337221460487	0.0	0.0	0.0	0.0	0.0	0.0	0.0	0.0	0.0	0.0	0.0	0.0	35.45370807196501	0.0	0.0	0.0	0.0	0.0	0.0	0.0	0.0	0.0	0.0	0.0	0.0	0.0	0.0	0.0	0.0	0.0
Sample_42	485.1899114883235	227.77554144223004	260.81794515722953	0.0	0.0	203.81081511835416	0.0	0.0	0.0	0.0	0.0	0.0	0.0	205.24538753055228	0.0	0.0	0.0	0.0	112.35566196622062	0.0	0.0	192.77047727432995	0.0	0.0	0.0	0.0	0.0	55.25538312139826	0.0	0.0	0.0	0.0	0.0	0.0	0.0	0.0	0.0	0.0	0.0	0.0	0.0	59.24784136901349	0.0	99.04090481378789	0.0	0.0	0.0	644.2231431903589	0.0	0.0	0.0	0.0	0.0	0.0	0.0	195.08405301113518	0.0	0.0	0.0	0.0	0.0	0.0	0.0	0.0	0.0	0.0	0.0	0.0	0.0	0.0	0.0	0.0	0.0	0.0	0.0	0.0	0.0	0.0	0.0	0.0	0.0	0.0	0.0	88.2163922540716	0.0	0.0
Sample_43	412.2861020684898	222.6108646863057	0.0	0.0	1677.4494143927081	0.0	0.0	0.0	0.0	0.0	907.3779170704596	0.0	0.0	0.0	0.0	0.0	0.0	0.0	402.2677442474801	138.48715676008885	0.0	0.0	0.0	0.0	0.0	0.0	0.0	0.0	0.0	0.0	0.0	0.0	0.0	0.0	0.0	0.0	0.0	0.0	0.0	0.0	0.0	0.0	0.0	0.0	0.0	0.0	914.7044635946742	1847.1171463055957	0.0	0.0	0.0	0.0	0.0	0.0	0.0	292.4505767552214	0.0	0.0	0.0	0.0	0.0	0.0	0.0	0.0	84.03852143847097	0.0	0.0	0.0	0.0	0.0	0.0	267.7021680393791	0.0	0.0	0.0	0.0	0.0	0.0	0.0	248.18470802349057	0.0	0.0	0.0	0.0	89.95801636348597	0.0
Sample_44	367.1228085040602	863.0467119347715	0.0	0.0	0.0	763.1759646101341	0.0	0.0	0.0	0.0	754.21319436535	0.0	0.0	227.42861132668676	0.0	0.0	0.0	359.6230277630352	1015.7498329878504	0.0	0.0	0.0	0.0	0.0	290.3925308686882	0.0	0.0	0.0	132.73235058371935	0.0	0.0	0.0	0.0	0.0	0.0	0.0	0.0	0.0	260.69404990461567	538.5093861648021	0.0	162.25728963600216	0.0	0.0	1887.2936388942846	0.0	406.0135787854786	0.0	0.0	0.0	0.0	0.0	0.0	0.0	0.0	0.0	0.0	0.0	0.0	0.0	0.0	0.0	0.0	0.0	0.0	0.0	0.0	0.0	0.0	0.0	0.0	0.0	0.0	0.0	0.0	0.0	0.0	0.0	0.0	0.0	0.0	0.0	0.0	203.79976046262266	0.0	0.0
Sample_45	460.90798875589553	853.0257179735984	6297.3288815071455	0.0	0.0	0.0	0.0	0.0	0.0	0.0	0.0	0.0	0.0	0.0	0.0	0.0	0.0	0.0	2660.3079473736207	0.0	0.0	0.0	0.0	0.0	0.0	0.0	0.0	0.0	0.0	0.0	0.0	0.0	0.0	0.0	0.0	0.0	0.0	0.0	0.0	0.0	0.0	0.0	0.0	363.80754465287345	1867.5979668203356	0.0	3381.4589372618116	0.0	0.0	2524.469437071061	0.0	0.0	0.0	0.0	0.0	0.0	309.65069885585535	0.0	0.0	0.0	0.0	0.0	0.0	0.0	0.0	0.0	0.0	0.0	0.0	0.0	0.0	0.0	0.0	0.0	0.0	0.0	0.0	0.0	0.0	0.0	0.0	0.0	0.0	0.0	0.0	0.0
Sample_46	482.46550062650476	337.89135947728926	0.0	0.0	0.0	482.5270878974031	230.54941630025223	0.0	0.0	0.0	1414.0416467900495	0.0	0.0	243.02340017731544	0.0	0.0	0.0	390.6195304618647	628.2996264435562	0.0	0.0	269.3755850430118	0.0	101.92637812197077	0.0	0.0	0.0	0.0	0.0	0.0	0.0	0.0	0.0	0.0	0.0	0.0	0.0	0.0	0.0	559.5645833274408	0.0	0.0	0.0	0.0	1695.6202814997434	0.0	1101.1079915858259	0.0	0.0	0.0	0.0	0.0	0.0	0.0	0.0	0.0	215.04304456896645	0.0	0.0	0.0	0.0	0.0	0.0	0.0	0.0	0.0	0.0	0.0	0.0	0.0	0.0	0.0	0.0	0.0	0.0	0.0	0.0	0.0	0.0	0.0	0.0	0.0	0.0	200.55380045580443	0.0	0.0
Sample_47	307.2253966681559	123.21067292752626	0.0	0.0	0.0	350.3840852237376	0.0	255.58469069803192	0.0	0.0	131.7401885944567	0.0	0.0	184.82654584818718	0.0	0.0	0.0	0.0	0.0	0.0	0.0	0.0	0.0	0.0	0.0	0.0	0.0	0.0	45.7709382498769	0.0	0.0	0.0	0.0	0.0	0.0	0.0	0.0	0.0	0.0	91.80470067325892	44.65713818198051	0.0	0.0	0.0	304.03534150830154	0.0	117.71915295312111	0.0	0.0	0.0	0.0	0.0	0.0	0.0	0.0	156.95015881036178	0.0	0.0	0.0	0.0	87.45897578899734	0.0	58.97088413840302	74.07674911811246	0.0	0.0	0.0	0.0	0.0	0.0	0.0	0.0	0.0	0.0	0.0	0.0	0.0	0.0	171.0807294258262	0.0	0.0	0.0	0.0	0.0	0.0	0.0
Sample_48	476.55968241818493	491.8780800548928	2763.584602213304	0.0	0.0	805.588697678732	0.0	0.0	0.0	0.0	2593.113124580797	0.0	0.0	294.33543370443857	0.0	0.0	0.0	0.0	560.1964994143934	0.0	0.0	0.0	0.0	0.0	727.5171653319123	433.69234323381403	0.0	0.0	0.0	0.0	0.0	0.0	0.0	0.0	0.0	0.0	0.0	0.0	0.0	813.8648897514553	0.0	254.62787975123337	0.0	0.0	3062.0922165903785	0.0	1338.8306141191483	0.0	0.0	0.0	0.0	0.0	0.0	0.0	0.0	954.3770669843768	0.0	0.0	0.0	0.0	0.0	0.0	0.0	0.0	0.0	0.0	0.0	0.0	0.0	0.0	0.0	0.0	0.0	0.0	0.0	0.0	0.0	0.0	0.0	0.0	0.0	0.0	0.0	0.0	0.0	0.0
Sample_49	11491.42387278339	0.0	0.0	0.0	0.0	17396.931384927786	728.7820635629845	0.0	0.0	0.0	2934.520500418238	0.0	0.0	0.0	0.0	0.0	0.0	0.0	0.0	3794.5064550118905	0.0	0.0	0.0	0.0	0.0	0.0	0.0	3969.647655614273	0.0	0.0	0.0	2040.6819999283925	0.0	5265.355498138332	0.0	0.0	0.0	0.0	0.0	0.0	0.0	1458.924021432675	0.0	0.0	0.0	0.0	0.0	0.0	0.0	0.0	0.0	0.0	0.0	0.0	0.0	0.0	0.0	0.0	0.0	0.0	0.0	0.0	0.0	0.0	0.0	0.0	5356.719134230015	0.0	608.7660255319292	0.0	0.0	0.0	0.0	0.0	0.0	0.0	0.0	0.0	0.0	0.0	0.0	0.0	0.0	0.0	0.0	0.0
Sample_50	766.4502159303244	832.0260624017957	0.0	0.0	1162.3923617627538	0.0	0.0	0.0	0.0	0.0	770.1215766604552	0.0	0.0	0.0	0.0	0.0	0.0	0.0	1155.3882014456929	0.0	0.0	0.0	0.0	0.0	303.73330170291945	0.0	0.0	241.57820712473762	0.0	0.0	0.0	0.0	0.0	0.0	0.0	0.0	0.0	0.0	0.0	0.0	0.0	235.13145713273164	0.0	0.0	578.4545930427241	0.0	355.05411006216156	1410.9589318467636	0.0	0.0	0.0	0.0	0.0	0.0	0.0	0.0	0.0	0.0	0.0	0.0	0.0	0.0	0.0	0.0	0.0	0.0	0.0	0.0	0.0	0.0	0.0	0.0	0.0	0.0	0.0	0.0	0.0	0.0	0.0	0.0	0.0	0.0	0.0	111.90372285921725	0.0	0.0
Sample_51	231.98302412660092	56.78933065130312	0.0	104.33720456700297	0.0	0.0	0.0	46.516499055695434	0.0	0.0	0.0	0.0	0.0	50.286995219476935	0.0	0.0	0.0	0.0	20.265613896569704	0.0	0.0	50.40013362377883	0.0	0.0	0.0	0.0	0.0	0.0	0.0	0.0	0.0	77.48628068877677	0.0	173.8638346377648	0.0	0.0	0.0	0.0	0.0	0.0	0.0	0.0	0.0	0.0	0.0	0.0	0.0	576.4466843518535	0.0	0.0	0.0	0.0	0.0	0.0	0.0	0.0	0.0	0.0	0.0	0.0	0.0	0.0	0.0	0.0	0.0	0.0	0.0	0.0	0.0	0.0	59.295184966370556	107.45160622394701	35.68430192677354	0.0	0.0	0.0	0.0	0.0	0.0	0.0	0.0	0.0	46.04308336967348	0.0	78.41355927342039	0.0
Sample_52	412.336092812759	39.01424048540727	0.0	0.0	0.0	0.0	0.0	0.0	0.0	35.93081167031749	90.02180409545515	0.0	0.0	53.36391066809078	0.0	0.0	0.0	0.0	34.942054543482364	0.0	0.0	143.97540809171727	0.0	0.0	0.0	0.0	0.0	0.0	0.0	0.0	0.0	0.0	0.0	0.0	0.0	0.0	0.0	0.0	0.0	77.82502367541595	0.0	31.167094797188994	0.0	0.0	411.5629616341151	0.0	0.0	534.6412328401268	0.0	0.0	0.0	188.31163948388203	0.0	0.0	0.0	109.18226675686957	0.0	0.0	0.0	0.0	0.0	0.0	28.932421689719835	0.0	0.0	0.0	0.0	0.0	0.0	0.0	0.0	0.0	0.0	0.0	0.0	0.0	0.0	0.0	0.0	0.0	0.0	0.0	123.94379277686953	60.45446374719809	25.082540733496103	0.0
Sample_53	278.686577269887	0.0	0.0	0.0	882.375779999477	0.0	0.0	0.0	0.0	0.0	285.4975331802635	0.0	0.0	0.0	0.0	0.0	0.0	0.0	0.0	0.0	114.03281681749841	0.0	0.0	0.0	0.0	0.0	0.0	0.0	0.0	0.0	0.0	0.0	0.0	0.0	0.0	0.0	0.0	0.0	0.0	0.0	0.0	0.0	0.0	0.0	292.6314818791161	0.0	0.0	796.1475895132327	0.0	0.0	0.0	0.0	0.0	0.0	0.0	0.0	79.6386495292963	0.0	0.0	0.0	0.0	0.0	0.0	0.0	48.173515349352876	0.0	0.0	0.0	0.0	0.0	0.0	0.0	0.0	0.0	0.0	0.0	0.0	0.0	0.0	0.0	0.0	0.0	0.0	0.0	0.0	0.0
Sample_54	322.36160140011225	139.71249416555293	0.0	0.0	0.0	316.68545729272364	0.0	156.60120818043163	0.0	162.80541946664894	325.2409302514871	0.0	0.0	121.47600371649295	0.0	0.0	0.0	0.0	147.59491210300467	0.0	0.0	0.0	0.0	0.0	202.0955784847731	0.0	0.0	90.72521060663888	0.0	0.0	0.0	0.0	0.0	0.0	0.0	0.0	0.0	0.0	0.0	132.81579498827665	0.0	0.0	0.0	0.0	502.7958727690494	0.0	256.85096043328343	0.0	0.0	0.0	0.0	0.0	0.0	0.0	0.0	658.4466121918695	0.0	0.0	0.0	0.0	146.50544686186092	0.0	0.0	0.0	0.0	0.0	0.0	0.0	0.0	0.0	0.0	0.0	0.0	0.0	97.23914432465797	0.0	0.0	0.0	0.0	0.0	0.0	0.0	0.0	0.0	0.0	0.0
Sample_55	0.0	342.3225042557384	0.0	0.0	0.0	1338.190305225483	0.0	0.0	0.0	0.0	2259.2432177870187	0.0	0.0	239.7211466565528	0.0	0.0	0.0	0.0	293.2089381533475	0.0	0.0	0.0	0.0	0.0	0.0	0.0	0.0	0.0	0.0	0.0	0.0	0.0	0.0	0.0	0.0	0.0	0.0	0.0	0.0	851.5634117862986	0.0	175.94886380409267	0.0	0.0	4552.106720855308	0.0	1805.703137180467	0.0	0.0	0.0	0.0	0.0	0.0	0.0	0.0	1251.080028167988	0.0	0.0	0.0	0.0	563.9715906441029	0.0	0.0	0.0	0.0	0.0	0.0	0.0	0.0	0.0	0.0	0.0	0.0	0.0	0.0	0.0	0.0	0.0	2211.0751780926075	0.0	0.0	0.0	0.0	0.0	332.7669888077053	0.0
Sample_56	375.83638914488387	311.9261397447057	0.0	0.0	2643.408600585421	0.0	0.0	0.0	0.0	0.0	1716.642310660207	0.0	0.0	0.0	640.3109421843765	0.0	0.0	0.0	652.1418735026193	0.0	400.855259241348	0.0	0.0	0.0	0.0	0.0	0.0	0.0	0.0	0.0	0.0	0.0	0.0	0.0	0.0	0.0	0.0	0.0	0.0	0.0	0.0	0.0	0.0	0.0	746.0629499176162	0.0	1323.33921689791	2038.2370139810819	0.0	0.0	0.0	0.0	0.0	0.0	0.0	0.0	0.0	0.0	0.0	0.0	0.0	0.0	0.0	0.0	0.0	0.0	0.0	0.0	0.0	0.0	0.0	0.0	0.0	392.7612716635059	0.0	0.0	231.04799885450848	0.0	0.0	0.0	0.0	0.0	0.0	0.0	0.0	0.0
Sample_57	959.8282238642437	0.0	0.0	0.0	1861.1858156427093	0.0	0.0	0.0	0.0	0.0	1074.0547355954916	0.0	0.0	0.0	0.0	0.0	0.0	0.0	0.0	0.0	0.0	0.0	0.0	0.0	350.7020048917839	0.0	0.0	0.0	0.0	0.0	0.0	0.0	0.0	0.0	97.08772153035817	0.0	0.0	0.0	0.0	0.0	0.0	0.0	0.0	0.0	0.0	0.0	933.6384387484121	2526.515836089609	0.0	0.0	0.0	0.0	0.0	550.9985475605928	0.0	0.0	0.0	0.0	0.0	275.4860368372815	0.0	0.0	0.0	0.0	0.0	0.0	0.0	0.0	106.47426180288791	0.0	0.0	0.0	0.0	0.0	0.0	0.0	0.0	0.0	0.0	0.0	0.0	0.0	377.76946885984677	0.0	120.90078170358866	0.0
Sample_58	536.7580665541344	0.0	0.0	0.0	0.0	335.41911251381896	0.0	0.0	0.0	152.39321446400695	498.79174266961473	341.8171415287976	0.0	100.37941260936078	0.0	0.0	0.0	0.0	133.23261256966316	0.0	0.0	258.6747070625711	0.0	0.0	394.32952447616844	0.0	0.0	286.30960339000933	0.0	0.0	0.0	0.0	0.0	0.0	0.0	0.0	0.0	0.0	0.0	0.0	0.0	0.0	0.0	0.0	486.186535078113	0.0	321.652074092545	1246.5144880273526	0.0	0.0	0.0	0.0	0.0	0.0	0.0	474.72171860671193	0.0	0.0	0.0	0.0	0.0	0.0	0.0	0.0	0.0	0.0	0.0	0.0	0.0	0.0	0.0	0.0	0.0	0.0	0.0	0.0	0.0	0.0	0.0	0.0	0.0	0.0	0.0	0.0	0.0	0.0
Sample_59	0.0	26.889134394345998	0.0	0.0	0.0	155.41225430927904	0.0	0.0	0.0	110.9628639454215	112.14480182037057	0.0	0.0	45.95084039931709	0.0	0.0	0.0	0.0	24.1720707529201	0.0	0.0	0.0	0.0	20.781758201123203	27.017523847214573	0.0	0.0	66.7866941893737	0.0	0.0	0.0	0.0	0.0	0.0	0.0	20.885651998715637	0.0	0.0	37.581809260399666	0.0	0.0	31.05807195249707	0.0	0.0	160.6383133476606	0.0	29.230186094217295	0.0	0.0	0.0	0.0	0.0	0.0	0.0	0.0	313.5060431802902	0.0	0.0	0.0	0.0	0.0	0.0	14.598520582420498	0.0	0.0	0.0	0.0	0.0	0.0	0.0	0.0	0.0	0.0	59.179274462238084	0.0	0.0	0.0	0.0	0.0	0.0	0.0	0.0	0.0	0.0	0.0	0.0
Sample_60	460.9710666769287	370.0624088659341	0.0	135.30931245782247	1425.8191794157558	0.0	0.0	0.0	0.0	0.0	0.0	0.0	0.0	0.0	0.0	0.0	0.0	0.0	275.02123112666527	0.0	0.0	0.0	0.0	36.07827138152834	231.93962448589664	0.0	0.0	175.02585146807974	0.0	0.0	0.0	0.0	0.0	0.0	0.0	0.0	0.0	0.0	0.0	0.0	0.0	93.95421613198187	0.0	0.0	300.08025646984623	0.0	0.0	1131.1307764940657	0.0	0.0	0.0	0.0	0.0	0.0	0.0	160.94726116522975	0.0	0.0	0.0	0.0	0.0	0.0	0.0	0.0	0.0	0.0	0.0	0.0	0.0	0.0	0.0	0.0	0.0	0.0	0.0	0.0	0.0	0.0	0.0	0.0	0.0	0.0	0.0	0.0	0.0	0.0
Sample_61	610.1586729235883	0.0	0.0	0.0	0.0	0.0	0.0	0.0	0.0	0.0	0.0	143.23208035549578	0.0	110.18245948368254	0.0	0.0	0.0	0.0	0.0	0.0	0.0	238.18262930049534	0.0	0.0	0.0	0.0	0.0	173.16961134421015	0.0	0.0	0.0	0.0	0.0	0.0	0.0	0.0	270.77282189346	0.0	0.0	0.0	0.0	0.0	0.0	0.0	0.0	0.0	423.6339277688842	2004.870408628495	0.0	0.0	0.0	0.0	0.0	283.93203140096125	0.0	346.5694432521085	0.0	0.0	0.0	0.0	0.0	0.0	0.0	0.0	64.11071752335697	0.0	0.0	0.0	0.0	0.0	0.0	0.0	0.0	187.5072441216728	0.0	0.0	81.3993574248644	0.0	0.0	0.0	0.0	0.0	0.0	0.0	0.0	0.0
Sample_62	0.0	640.9307758293609	0.0	0.0	0.0	0.0	0.0	0.0	0.0	0.0	623.305145237057	0.0	0.0	0.0	0.0	0.0	0.0	0.0	0.0	0.0	0.0	0.0	0.0	0.0	0.0	0.0	0.0	0.0	0.0	0.0	0.0	0.0	0.0	0.0	0.0	846.7721765615036	0.0	1887.8567649211486	0.0	0.0	0.0	0.0	0.0	0.0	0.0	0.0	447.2404136480295	960.6775337041986	0.0	0.0	0.0	0.0	0.0	619.2027696887901	0.0	748.0849415182981	0.0	0.0	0.0	0.0	0.0	0.0	0.0	0.0	0.0	0.0	0.0	586.7394229773165	0.0	0.0	0.0	0.0	0.0	0.0	0.0	0.0	0.0	0.0	0.0	746.7174896975694	0.0	0.0	665.316954058419	0.0	0.0	0.0
Sample_63	380.01580003894315	198.43909372162264	3249.9619992083985	0.0	0.0	0.0	0.0	0.0	0.0	0.0	445.91139707678695	0.0	0.0	0.0	0.0	0.0	0.0	0.0	485.3215935060505	0.0	0.0	0.0	0.0	0.0	294.46059606733365	0.0	0.0	0.0	0.0	0.0	0.0	0.0	0.0	0.0	0.0	0.0	0.0	0.0	0.0	0.0	0.0	0.0	0.0	0.0	626.3606582280361	0.0	484.45021739486333	0.0	0.0	0.0	0.0	0.0	0.0	358.2873179445555	0.0	0.0	154.97643423224443	0.0	0.0	0.0	0.0	0.0	0.0	0.0	0.0	0.0	0.0	0.0	0.0	0.0	0.0	0.0	0.0	0.0	0.0	0.0	0.0	0.0	0.0	0.0	0.0	0.0	433.09900139004526	0.0	221.82823859288004	0.0
Sample_64	190.89038710466482	191.22943309044115	1865.1801838653507	0.0	0.0	0.0	0.0	0.0	0.0	0.0	949.1858187083317	0.0	0.0	0.0	0.0	0.0	0.0	0.0	397.3862047920149	170.18850851168634	0.0	0.0	0.0	38.107274161587405	0.0	0.0	0.0	0.0	0.0	0.0	0.0	0.0	0.0	0.0	0.0	0.0	0.0	0.0	0.0	0.0	0.0	0.0	0.0	0.0	334.17334728863113	0.0	548.0317226980285	1367.8915338855982	0.0	0.0	0.0	0.0	0.0	0.0	0.0	0.0	0.0	0.0	0.0	0.0	0.0	0.0	0.0	0.0	0.0	0.0	0.0	0.0	0.0	0.0	0.0	0.0	0.0	0.0	0.0	0.0	0.0	0.0	0.0	0.0	0.0	0.0	479.8648585424562	0.0	0.0	0.0
Sample_65	265.15915716906596	340.5891449654457	2269.2732673959463	0.0	0.0	0.0	0.0	0.0	0.0	0.0	1141.6352372971041	514.0349089160945	0.0	0.0	0.0	0.0	0.0	0.0	672.0318122061236	0.0	0.0	0.0	0.0	0.0	0.0	0.0	0.0	0.0	0.0	0.0	0.0	0.0	0.0	0.0	0.0	0.0	321.7825376407349	310.71581349373025	0.0	0.0	0.0	0.0	0.0	465.52489721073584	677.123582864946	0.0	1318.298021869946	0.0	0.0	0.0	0.0	0.0	0.0	433.4742543066047	0.0	0.0	0.0	0.0	0.0	0.0	0.0	0.0	0.0	0.0	0.0	0.0	0.0	0.0	0.0	0.0	0.0	0.0	0.0	0.0	0.0	0.0	0.0	0.0	0.0	0.0	0.0	0.0	0.0	0.0	0.0	0.0
Sample_66	404.45476949825155	183.40255183421044	0.0	0.0	0.0	0.0	0.0	0.0	0.0	0.0	3309.447225672498	0.0	0.0	0.0	0.0	0.0	0.0	0.0	489.1822037815884	0.0	0.0	0.0	0.0	100.18008610455053	603.8138929583647	0.0	0.0	0.0	0.0	0.0	0.0	0.0	0.0	0.0	0.0	0.0	0.0	0.0	0.0	0.0	0.0	0.0	0.0	0.0	1180.5595161016993	0.0	3392.101352970619	3182.385307589682	0.0	0.0	0.0	0.0	0.0	994.527069239992	0.0	0.0	0.0	0.0	0.0	0.0	0.0	0.0	0.0	0.0	0.0	0.0	0.0	0.0	0.0	0.0	0.0	0.0	0.0	0.0	0.0	0.0	0.0	0.0	0.0	0.0	0.0	0.0	1393.935461778582	0.0	0.0	0.0
Sample_68	548.1101197235912	191.5209798971944	0.0	0.0	0.0	0.0	0.0	0.0	0.0	1646.8914411284638	3674.081516384094	0.0	0.0	247.1929099301623	0.0	0.0	0.0	0.0	386.9066922513336	0.0	0.0	0.0	0.0	126.66687967999502	0.0	0.0	0.0	568.4057188801075	0.0	0.0	0.0	0.0	0.0	0.0	0.0	0.0	0.0	0.0	0.0	1263.6526435128799	0.0	0.0	0.0	0.0	4524.205509635996	0.0	2416.6041605682867	0.0	0.0	0.0	0.0	0.0	365.6218303039075	0.0	0.0	4692.603989642652	0.0	0.0	0.0	0.0	0.0	0.0	0.0	0.0	0.0	0.0	0.0	0.0	0.0	0.0	0.0	0.0	0.0	0.0	0.0	0.0	0.0	0.0	0.0	0.0	0.0	0.0	0.0	0.0	0.0	0.0
Sample_69	601.0935400155331	1785.0990741008595	0.0	0.0	0.0	539.3602990822761	0.0	0.0	0.0	0.0	2217.630448560701	0.0	0.0	0.0	0.0	0.0	0.0	0.0	2941.737438856539	0.0	0.0	0.0	0.0	71.85912595701183	730.5434867877963	0.0	0.0	414.2624809762716	0.0	0.0	0.0	0.0	0.0	0.0	0.0	0.0	0.0	679.5981171702251	0.0	0.0	0.0	0.0	0.0	0.0	1069.6003109820574	0.0	1283.4821363456952	0.0	0.0	0.0	0.0	0.0	0.0	0.0	0.0	990.5491875806517	0.0	0.0	0.0	0.0	0.0	0.0	0.0	0.0	0.0	0.0	0.0	0.0	0.0	0.0	0.0	0.0	0.0	0.0	427.862990619577	0.0	148.3669941116094	0.0	0.0	0.0	0.0	0.0	0.0	0.0	0.0	0.0
Sample_70	463.5798603614867	204.34051386839613	0.0	0.0	2171.7807625419114	0.0	0.0	0.0	0.0	0.0	1355.6982123988844	0.0	0.0	0.0	0.0	0.0	0.0	0.0	457.44377704653897	0.0	0.0	0.0	0.0	0.0	0.0	0.0	0.0	0.0	0.0	0.0	0.0	0.0	0.0	0.0	0.0	0.0	0.0	0.0	0.0	285.5243249810357	0.0	132.2842833368886	0.0	0.0	1355.441293474813	0.0	637.1771931428882	1458.7925015847538	0.0	0.0	0.0	0.0	0.0	0.0	0.0	0.0	0.0	0.0	0.0	0.0	0.0	0.0	0.0	0.0	0.0	0.0	0.0	0.0	0.0	0.0	0.0	0.0	0.0	0.0	0.0	0.0	0.0	0.0	0.0	0.0	0.0	0.0	0.0	0.0	0.0	0.0
Sample_71	271.34844139555065	3374.5406706952317	0.0	0.0	801.0795862040798	329.57324690717223	254.71125366678734	0.0	0.0	0.0	638.1083299939644	0.0	0.0	0.0	0.0	0.0	0.0	0.0	5255.823896181215	0.0	0.0	0.0	0.0	60.43547779515814	368.26587881996284	0.0	0.0	0.0	0.0	0.0	0.0	0.0	0.0	0.0	0.0	0.0	0.0	0.0	0.0	0.0	0.0	0.0	0.0	0.0	295.2945795429809	0.0	400.65202074017947	0.0	0.0	0.0	327.26903555211857	0.0	0.0	0.0	0.0	0.0	0.0	0.0	0.0	0.0	0.0	0.0	0.0	0.0	0.0	0.0	0.0	0.0	0.0	0.0	0.0	0.0	0.0	0.0	0.0	0.0	0.0	0.0	0.0	0.0	0.0	0.0	0.0	211.09901115193202	0.0	0.0
Sample_72	251.17057911062383	117.81768253094876	0.0	0.0	715.7868475509151	0.0	0.0	0.0	0.0	0.0	1148.950735801622	0.0	0.0	0.0	0.0	0.0	0.0	0.0	250.3065607549386	0.0	0.0	0.0	0.0	30.89968095511192	0.0	121.99075386350539	0.0	106.68905230145393	0.0	0.0	0.0	0.0	0.0	0.0	0.0	0.0	0.0	0.0	0.0	0.0	0.0	66.57793573444206	0.0	0.0	437.15552173840564	0.0	1060.1060221334737	1186.2563290707267	0.0	0.0	0.0	0.0	0.0	0.0	0.0	240.12740185648386	0.0	0.0	0.0	0.0	0.0	0.0	0.0	0.0	0.0	0.0	0.0	0.0	0.0	0.0	0.0	0.0	0.0	0.0	0.0	0.0	0.0	0.0	0.0	0.0	0.0	0.0	0.0	0.0	0.0	0.0
Sample_73	820.7599986483083	387.65137346448785	0.0	0.0	1887.4570830176983	0.0	0.0	0.0	0.0	0.0	260.5666905953877	0.0	0.0	0.0	0.0	0.0	0.0	0.0	827.8816407104251	0.0	0.0	0.0	0.0	0.0	267.4228619754452	0.0	0.0	158.37061253107234	0.0	0.0	0.0	0.0	0.0	0.0	0.0	0.0	0.0	0.0	0.0	0.0	0.0	184.5875557293545	0.0	0.0	621.2930496520473	0.0	0.0	1162.0155860774803	0.0	0.0	0.0	0.0	0.0	0.0	0.0	0.0	0.0	0.0	0.0	0.0	0.0	0.0	0.0	0.0	0.0	0.0	0.0	0.0	0.0	0.0	0.0	0.0	0.0	181.3806573174063	0.0	0.0	0.0	0.0	0.0	0.0	0.0	0.0	0.0	0.0	0.0	0.0
Sample_74	963.5252958811632	573.7338088911315	0.0	0.0	2353.3888758325747	0.0	0.0	0.0	0.0	0.0	2403.846705938927	0.0	0.0	0.0	503.2276981042778	0.0	0.0	0.0	1001.1351758794854	0.0	0.0	0.0	0.0	308.91513098173675	0.0	0.0	0.0	0.0	0.0	0.0	0.0	0.0	0.0	0.0	0.0	0.0	0.0	0.0	0.0	0.0	0.0	0.0	0.0	0.0	737.9471356052974	0.0	1946.8658552292954	2889.7570948973494	0.0	0.0	0.0	0.0	0.0	597.8227825458846	0.0	0.0	0.0	0.0	0.0	603.5440639589594	0.0	0.0	0.0	0.0	0.0	0.0	0.0	0.0	0.0	0.0	0.0	0.0	0.0	0.0	0.0	0.0	296.29364928422115	0.0	0.0	0.0	0.0	0.0	0.0	0.0	249.65336206111573	0.0
Sample_75	3737.414802109857	1141.9527048865705	0.0	0.0	0.0	0.0	0.0	0.0	0.0	2105.4654067688125	6706.298216633989	0.0	0.0	1081.5038775807425	0.0	0.0	0.0	0.0	1758.5728201396792	0.0	0.0	0.0	1478.3230964319835	0.0	0.0	0.0	1267.589503344391	1980.245667811629	2213.5506285659703	0.0	0.0	0.0	0.0	0.0	0.0	0.0	0.0	0.0	0.0	7731.822064993549	0.0	0.0	0.0	0.0	30705.30011520653	0.0	0.0	0.0	0.0	0.0	0.0	0.0	1380.4305277530632	0.0	0.0	0.0	0.0	0.0	0.0	0.0	2174.2520054627894	0.0	901.0159672566449	0.0	0.0	0.0	0.0	0.0	0.0	0.0	2559.34058466889	0.0	0.0	0.0	0.0	0.0	0.0	0.0	0.0	0.0	0.0	0.0	0.0	1442.0326562525688	928.5143445566416	0.0
Sample_76	3054.224845014418	480.6710872196239	0.0	0.0	0.0	2712.096003925835	0.0	0.0	0.0	1233.872463721767	3099.9116482583067	0.0	0.0	1528.2870094357777	0.0	0.0	0.0	0.0	0.0	0.0	0.0	0.0	0.0	0.0	0.0	0.0	0.0	1386.7217850813984	1678.7843113946612	0.0	0.0	0.0	0.0	0.0	0.0	0.0	0.0	0.0	1293.0418707923711	3457.8159086401006	0.0	0.0	0.0	0.0	14549.757773941941	0.0	3035.052137155179	0.0	0.0	0.0	0.0	0.0	1447.6172261774777	0.0	0.0	8234.230945093968	0.0	0.0	0.0	0.0	0.0	0.0	480.5697690369576	0.0	0.0	0.0	0.0	0.0	0.0	0.0	0.0	0.0	0.0	0.0	0.0	0.0	0.0	0.0	0.0	0.0	0.0	0.0	0.0	0.0	1571.5197400656702	0.0
Sample_77	302.08593958956664	0.0	0.0	0.0	0.0	0.0	0.0	0.0	0.0	1295.6651105201681	0.0	0.0	0.0	118.92673728436391	0.0	0.0	0.0	0.0	0.0	0.0	0.0	398.6501149819078	0.0	0.0	0.0	0.0	0.0	513.1324262689385	0.0	0.0	0.0	0.0	0.0	0.0	0.0	0.0	0.0	0.0	0.0	0.0	0.0	0.0	0.0	0.0	0.0	0.0	0.0	0.0	0.0	0.0	0.0	0.0	33.99253899743523	0.0	0.0	1538.0144029400446	0.0	0.0	0.0	0.0	0.0	0.0	0.0	0.0	0.0	0.0	0.0	0.0	0.0	0.0	0.0	0.0	0.0	76.89085200630666	0.0	0.0	0.0	0.0	0.0	0.0	0.0	0.0	0.0	0.0	0.0	0.0
Sample_78	2333.0280133464903	744.9308174045798	0.0	0.0	0.0	2946.7993264926936	0.0	0.0	0.0	1560.1376719465147	7187.666010431739	0.0	0.0	1226.0758464861665	0.0	0.0	0.0	0.0	1253.1389758538844	0.0	0.0	0.0	0.0	0.0	0.0	1315.7304933685703	0.0	0.0	1939.3442367956834	0.0	0.0	0.0	0.0	0.0	0.0	0.0	0.0	0.0	0.0	6156.952758784758	0.0	0.0	0.0	0.0	23424.793563587133	0.0	2059.2020730125514	0.0	0.0	0.0	0.0	0.0	1610.090993808909	0.0	0.0	7926.5035758426875	0.0	0.0	0.0	0.0	0.0	0.0	512.1671914266714	0.0	0.0	0.0	0.0	0.0	0.0	0.0	0.0	0.0	0.0	0.0	0.0	0.0	0.0	0.0	0.0	0.0	0.0	0.0	0.0	0.0	1087.0337712075457	0.0
Sample_79	469.34557150876196	231.07617392565004	3926.6266762450828	0.0	0.0	0.0	0.0	0.0	0.0	0.0	3647.818298078985	0.0	0.0	0.0	0.0	0.0	0.0	0.0	397.2238340328021	0.0	0.0	0.0	0.0	0.0	0.0	0.0	0.0	0.0	0.0	0.0	0.0	0.0	0.0	0.0	0.0	0.0	551.4048337254663	0.0	0.0	750.6592345283707	0.0	0.0	0.0	0.0	1023.8503966513078	0.0	1373.7489266476434	0.0	1063.390000986518	0.0	0.0	0.0	0.0	1138.9588364675585	0.0	0.0	0.0	0.0	0.0	510.2334285808934	0.0	0.0	0.0	0.0	0.0	0.0	0.0	0.0	0.0	0.0	0.0	0.0	0.0	0.0	0.0	0.0	182.83118490768527	0.0	0.0	0.0	0.0	0.0	0.0	0.0	276.2105052556829	0.0
Sample_80	598.2224724487447	0.0	0.0	0.0	1014.5758427834352	0.0	0.0	0.0	0.0	134.18815691577294	0.0	0.0	0.0	64.38363158494585	0.0	0.0	0.0	0.0	98.56970421102699	0.0	0.0	0.0	0.0	0.0	122.90537645657503	0.0	0.0	0.0	0.0	0.0	0.0	0.0	0.0	605.2359992541077	0.0	0.0	0.0	0.0	0.0	0.0	0.0	58.83976558218089	0.0	0.0	0.0	0.0	206.4232315657162	690.6014832352919	0.0	0.0	0.0	0.0	0.0	0.0	0.0	1037.742758191337	0.0	0.0	0.0	0.0	0.0	0.0	0.0	0.0	0.0	0.0	0.0	0.0	0.0	0.0	0.0	0.0	0.0	0.0	0.0	0.0	108.1744837389337	0.0	0.0	0.0	0.0	0.0	0.0	0.0	0.0	0.0
Sample_81	1659.3872591463673	0.0	0.0	0.0	0.0	0.0	0.0	0.0	0.0	1414.9227205141653	2147.450711218355	0.0	0.0	595.7542551331725	0.0	0.0	0.0	0.0	0.0	0.0	0.0	3455.3284837897654	0.0	0.0	0.0	0.0	0.0	2367.675039114025	0.0	0.0	0.0	0.0	0.0	0.0	0.0	0.0	0.0	0.0	0.0	1359.2945616836134	0.0	0.0	0.0	0.0	6094.293206344595	0.0	1381.6476485465605	0.0	0.0	0.0	0.0	0.0	0.0	0.0	0.0	11285.050287108414	0.0	0.0	0.0	0.0	0.0	0.0	0.0	0.0	0.0	0.0	0.0	0.0	0.0	0.0	0.0	0.0	0.0	0.0	0.0	0.0	0.0	0.0	0.0	0.0	0.0	0.0	0.0	0.0	311.7401955402074	0.0
Sample_82	207.79287115746675	83.23193654574065	0.0	0.0	0.0	0.0	0.0	0.0	0.0	0.0	791.5482574011025	164.1333359951076	0.0	0.0	0.0	0.0	0.0	0.0	293.1365981080837	0.0	170.55126090267234	231.37115642927455	0.0	0.0	433.4427208834561	0.0	0.0	0.0	0.0	0.0	0.0	0.0	0.0	905.6095209962493	0.0	0.0	0.0	0.0	0.0	0.0	0.0	0.0	0.0	0.0	0.0	0.0	1947.0278566867973	1009.3264934807195	0.0	0.0	0.0	0.0	0.0	0.0	0.0	1822.3758686871386	0.0	0.0	0.0	0.0	0.0	0.0	0.0	0.0	0.0	0.0	0.0	0.0	0.0	0.0	0.0	0.0	0.0	0.0	0.0	0.0	0.0	0.0	0.0	0.0	0.0	0.0	0.0	0.0	0.0	0.0
Sample_83	155.39677567302815	40.386309776528904	0.0	198.61113740152808	0.0	255.4451544394595	0.0	0.0	0.0	0.0	0.0	0.0	34.12250445987075	0.0	0.0	0.0	0.0	0.0	62.40171039647123	0.0	0.0	114.08541548346412	0.0	0.0	0.0	0.0	0.0	0.0	0.0	0.0	0.0	0.0	0.0	0.0	0.0	0.0	0.0	0.0	0.0	0.0	0.0	0.0	0.0	0.0	215.91996452878604	0.0	0.0	428.481757434528	0.0	361.62870511252345	0.0	0.0	0.0	0.0	0.0	489.3256004387443	0.0	0.0	0.0	49.18075122482776	0.0	0.0	0.0	0.0	0.0	0.0	0.0	0.0	0.0	0.0	0.0	0.0	0.0	0.0	0.0	0.0	48.88204979517624	0.0	0.0	0.0	0.0	0.0	0.0	0.0	0.0	0.0
Sample_84	340.9437117319641	270.28780533193924	5708.397708787454	0.0	0.0	0.0	0.0	0.0	0.0	0.0	1998.8414575472032	0.0	0.0	0.0	0.0	0.0	0.0	0.0	329.02986381941105	0.0	0.0	0.0	0.0	109.01669542793724	558.0860266690754	0.0	0.0	0.0	0.0	0.0	0.0	0.0	0.0	0.0	0.0	0.0	0.0	0.0	0.0	409.92098023321046	0.0	0.0	0.0	0.0	964.4153470897022	0.0	1072.3426020855077	0.0	0.0	0.0	0.0	0.0	0.0	590.554056271433	0.0	0.0	0.0	0.0	0.0	0.0	0.0	0.0	0.0	0.0	0.0	0.0	0.0	0.0	0.0	0.0	0.0	0.0	0.0	0.0	0.0	0.0	180.5125248757826	0.0	0.0	0.0	0.0	0.0	1040.0337451315754	0.0	261.4466845956804	0.0
Sample_85	135.86839671288405	1198.9804459000702	0.0	0.0	0.0	504.8383841820664	209.79663184566246	0.0	0.0	0.0	0.0	0.0	0.0	0.0	0.0	0.0	0.0	0.0	2048.9602463129218	0.0	0.0	63.86757882570243	0.0	0.0	0.0	0.0	0.0	0.0	75.95895116487137	0.0	0.0	0.0	0.0	0.0	0.0	0.0	324.6719023164601	0.0	0.0	0.0	0.0	46.86507440592478	0.0	0.0	0.0	0.0	536.024383412852	0.0	311.08325164592225	0.0	0.0	0.0	0.0	0.0	0.0	255.0589140797424	0.0	0.0	0.0	0.0	0.0	0.0	0.0	0.0	0.0	0.0	0.0	0.0	0.0	0.0	0.0	0.0	0.0	0.0	0.0	0.0	0.0	0.0	0.0	0.0	0.0	0.0	0.0	115.41208236263014	0.0	0.0
Sample_86	437.9993869119801	228.92119132406077	0.0	0.0	0.0	0.0	0.0	0.0	0.0	391.87480488948535	879.0646049427422	0.0	76.6468432712038	0.0	0.0	0.0	0.0	0.0	386.46613314801573	0.0	0.0	534.5208465856136	0.0	0.0	0.0	0.0	0.0	517.8297011197138	0.0	0.0	0.0	0.0	0.0	0.0	0.0	0.0	0.0	0.0	0.0	0.0	0.0	0.0	0.0	0.0	0.0	0.0	1080.5745038498103	1750.331710057673	0.0	1031.490772365449	0.0	0.0	0.0	0.0	0.0	1252.014194920153	0.0	0.0	0.0	0.0	0.0	0.0	0.0	0.0	81.78046495069208	0.0	0.0	0.0	0.0	0.0	0.0	0.0	0.0	0.0	0.0	0.0	0.0	0.0	0.0	0.0	0.0	0.0	0.0	0.0	123.64158254770823	0.0
Sample_87	14643.006039214448	0.0	0.0	0.0	0.0	2889.1163236714965	0.0	0.0	0.0	0.0	0.0	0.0	0.0	9824.851412700078	0.0	0.0	0.0	0.0	0.0	0.0	0.0	0.0	0.0	0.0	0.0	0.0	0.0	0.0	881.147302269324	0.0	0.0	0.0	0.0	3121.0361647522373	0.0	0.0	2036.449743451523	0.0	978.7891344344499	0.0	0.0	0.0	0.0	0.0	2186.1579723907926	0.0	3867.1559142584756	0.0	0.0	0.0	0.0	0.0	428.6951294505699	0.0	0.0	4964.349632882789	0.0	0.0	0.0	0.0	1061.6469107903292	527.8582820820093	727.3788290265031	0.0	0.0	0.0	0.0	0.0	0.0	0.0	0.0	0.0	0.0	0.0	0.0	0.0	0.0	0.0	0.0	0.0	0.0	0.0	0.0	0.0	0.0	0.0
Sample_88	1669.4661412729595	0.0	0.0	0.0	3842.3596111353645	0.0	0.0	0.0	0.0	0.0	0.0	0.0	0.0	0.0	0.0	0.0	0.0	0.0	242.4103750113461	0.0	0.0	0.0	0.0	0.0	0.0	0.0	556.8606497672705	0.0	0.0	0.0	0.0	0.0	0.0	4669.206208543638	0.0	238.97252050360893	0.0	0.0	0.0	0.0	0.0	0.0	0.0	0.0	0.0	0.0	552.89811409666	0.0	0.0	0.0	0.0	0.0	0.0	1367.9289111027433	0.0	0.0	0.0	0.0	0.0	322.8496398547144	0.0	0.0	0.0	0.0	0.0	0.0	0.0	0.0	0.0	0.0	0.0	0.0	0.0	0.0	0.0	0.0	282.88979313551783	0.0	0.0	0.0	0.0	680.7386436599131	0.0	0.0	0.0	0.0
Sample_89	1836.1368703890253	782.8216670061692	889.156326197211	0.0	0.0	1716.4827711326466	0.0	592.7571586392825	0.0	0.0	0.0	0.0	0.0	796.2105868765016	0.0	0.0	0.0	0.0	276.0971283791809	0.0	0.0	0.0	0.0	0.0	0.0	0.0	0.0	0.0	0.0	0.0	0.0	0.0	0.0	184.1937098411047	0.0	0.0	357.55788025112906	0.0	0.0	0.0	0.0	0.0	0.0	0.0	0.0	0.0	0.0	0.0	0.0	0.0	0.0	0.0	0.0	0.0	0.0	0.0	0.0	0.0	0.0	0.0	0.0	0.0	0.0	0.0	0.0	0.0	0.0	0.0	0.0	0.0	0.0	245.42324060733696	0.0	619.7952342727376	0.0	0.0	0.0	0.0	0.0	0.0	0.0	0.0	326.3570422622472	0.0	0.0	0.0
Sample_90	232.93046217783467	0.0	0.0	0.0	925.6893908723805	242.0981279826005	119.07439353623943	0.0	0.0	0.0	130.5513068404057	0.0	0.0	0.0	0.0	0.0	0.0	0.0	0.0	0.0	215.61321722371724	0.0	0.0	0.0	371.66716981514037	0.0	0.0	0.0	0.0	0.0	0.0	0.0	0.0	0.0	0.0	0.0	0.0	0.0	0.0	0.0	30.28864349375531	43.307686109695396	0.0	0.0	0.0	0.0	0.0	0.0	0.0	0.0	0.0	0.0	0.0	0.0	0.0	0.0	0.0	0.0	0.0	0.0	0.0	0.0	0.0	0.0	0.0	0.0	0.0	166.53484368916645	0.0	0.0	0.0	0.0	0.0	0.0	0.0	0.0	0.0	0.0	0.0	128.0808127228405	0.0	0.0	0.0	0.0	0.0	0.0
Sample_91	0.0	146.0488459393452	0.0	0.0	0.0	818.7420285328454	0.0	0.0	0.0	0.0	431.2155737135145	0.0	0.0	0.0	0.0	0.0	0.0	0.0	197.88209791980373	0.0	0.0	0.0	0.0	126.09944777548131	596.728192063821	0.0	0.0	0.0	0.0	0.0	0.0	0.0	0.0	241.3043451809038	0.0	0.0	0.0	0.0	0.0	0.0	0.0	0.0	0.0	0.0	370.66540234057237	0.0	0.0	794.0679120756134	0.0	0.0	0.0	387.3232590941658	0.0	0.0	0.0	0.0	0.0	0.0	0.0	0.0	0.0	0.0	0.0	0.0	0.0	0.0	0.0	0.0	0.0	0.0	0.0	455.97136159392613	159.09500059705508	0.0	0.0	0.0	0.0	0.0	0.0	293.45363599524126	0.0	0.0	0.0	0.0	34.14921658818595	0.0
Sample_92	510.24787207545506	250.47423091920015	0.0	0.0	3257.876419685359	982.5448812426847	0.0	0.0	0.0	0.0	2574.6641691684713	0.0	0.0	0.0	867.0421338461205	0.0	0.0	0.0	743.1436682288484	0.0	0.0	0.0	0.0	102.57062583128939	0.0	0.0	0.0	0.0	0.0	0.0	0.0	0.0	0.0	0.0	0.0	0.0	0.0	0.0	0.0	0.0	0.0	0.0	0.0	0.0	1366.897286819301	0.0	1488.5140076907392	2115.9231765459094	0.0	0.0	0.0	0.0	0.0	0.0	0.0	0.0	0.0	0.0	0.0	0.0	0.0	0.0	0.0	0.0	0.0	0.0	0.0	0.0	0.0	0.0	0.0	0.0	0.0	0.0	0.0	0.0	320.45088846282573	0.0	0.0	0.0	0.0	0.0	0.0	0.0	0.0	0.0
Sample_94	0.0	50.46616890344882	687.2283790902788	0.0	0.0	514.1400325858398	0.0	0.0	0.0	73.34205348815972	0.0	221.24983650285952	0.0	0.0	0.0	0.0	0.0	355.33175597968034	0.0	0.0	153.8370550092771	162.22512141518206	0.0	0.0	0.0	0.0	0.0	0.0	0.0	0.0	0.0	0.0	0.0	0.0	0.0	0.0	0.0	0.0	0.0	0.0	0.0	0.0	0.0	0.0	0.0	0.0	0.0	1004.1220998927499	0.0	0.0	0.0	156.25919599465394	0.0	0.0	0.0	0.0	0.0	0.0	0.0	0.0	0.0	0.0	0.0	0.0	0.0	0.0	0.0	0.0	0.0	0.0	0.0	0.0	0.0	0.0	0.0	0.0	0.0	0.0	0.0	0.0	0.0	0.0	132.30654652663387	0.0	174.48812434379732	0.0
Sample_95	278.80134349465976	3593.8630560452343	0.0	0.0	0.0	884.5698807073625	0.0	905.0981041951607	0.0	0.0	0.0	0.0	0.0	213.74214620933162	0.0	0.0	0.0	708.913848587027	2335.366588744157	244.0602122857816	0.0	0.0	0.0	140.85930087248454	0.0	0.0	0.0	0.0	0.0	0.0	0.0	260.0298590913351	0.0	0.0	0.0	0.0	0.0	0.0	0.0	0.0	0.0	163.9429903549536	0.0	0.0	0.0	0.0	580.3974123535436	0.0	389.4184958460064	0.0	0.0	0.0	0.0	0.0	0.0	0.0	0.0	0.0	0.0	0.0	0.0	0.0	0.0	0.0	0.0	0.0	0.0	888.2776496488199	0.0	0.0	0.0	0.0	0.0	0.0	0.0	0.0	334.40593995740664	0.0	0.0	0.0	305.2594448083651	0.0	243.47751012247954	0.0	0.0	0.0
Sample_96	1202.4512982069548	999.5293727750064	0.0	0.0	0.0	0.0	916.6853206161222	0.0	0.0	0.0	9206.734357457504	0.0	0.0	0.0	0.0	0.0	0.0	0.0	1999.1142237770127	0.0	0.0	0.0	0.0	461.5734107245301	0.0	1023.4210180458746	0.0	0.0	0.0	0.0	0.0	0.0	0.0	0.0	0.0	0.0	0.0	0.0	0.0	1703.7269045554692	0.0	0.0	0.0	776.5992515080038	2686.5964412766357	0.0	6231.545404129489	0.0	0.0	0.0	0.0	0.0	0.0	2055.1856906009702	0.0	0.0	0.0	0.0	0.0	0.0	0.0	0.0	0.0	0.0	0.0	0.0	0.0	0.0	0.0	0.0	0.0	0.0	0.0	0.0	0.0	0.0	0.0	0.0	0.0	0.0	0.0	0.0	1745.5752238967598	0.0	725.1248545903773	0.0
Sample_97	0.0	0.0	0.0	0.0	0.0	329.891094415561	0.0	0.0	0.0	0.0	0.0	0.0	0.0	0.0	0.0	0.0	0.0	0.0	44.926143071234584	0.0	178.0773382468963	0.0	0.0	0.0	0.0	0.0	0.0	0.0	0.0	0.0	0.0	0.0	0.0	0.0	0.0	0.0	0.0	0.0	0.0	0.0	0.0	0.0	0.0	0.0	60.52080319599693	0.0	0.0	0.0	0.0	0.0	89.584097980839	421.1019458225885	0.0	0.0	0.0	49.90885648225752	0.0	0.0	0.0	0.0	0.0	0.0	0.0	0.0	0.0	0.0	0.0	64.27424126516586	0.0	0.0	0.0	0.0	0.0	0.0	0.0	0.0	0.0	0.0	0.0	0.0	0.0	0.0	0.0	0.0	0.0	0.0
Sample_98	407.2142439876094	1345.9640890843996	4413.198660361709	0.0	0.0	0.0	0.0	0.0	0.0	0.0	0.0	0.0	0.0	0.0	0.0	0.0	0.0	0.0	3832.875465133533	0.0	0.0	0.0	0.0	0.0	0.0	0.0	0.0	0.0	0.0	0.0	0.0	305.8941284930013	0.0	0.0	0.0	0.0	0.0	0.0	0.0	0.0	0.0	0.0	0.0	0.0	0.0	0.0	1945.426798694291	0.0	0.0	1865.0482756543747	0.0	0.0	0.0	0.0	0.0	512.2412745472237	0.0	0.0	0.0	604.195050288909	0.0	0.0	0.0	0.0	0.0	0.0	0.0	0.0	0.0	0.0	0.0	0.0	0.0	0.0	532.5063981751073	0.0	0.0	0.0	0.0	0.0	0.0	0.0	0.0	0.0	0.0	0.0
Sample_99	1147.7773923679006	164.59136022097152	0.0	0.0	0.0	0.0	0.0	0.0	0.0	193.39577725048156	978.2340872024486	0.0	0.0	0.0	0.0	0.0	0.0	0.0	319.8402668805442	0.0	0.0	0.0	0.0	0.0	1386.5477744580942	0.0	0.0	0.0	0.0	0.0	0.0	0.0	0.0	654.556018291428	0.0	0.0	770.3007286467534	0.0	0.0	0.0	0.0	0.0	0.0	0.0	743.8323133398715	0.0	0.0	3033.2114918284615	0.0	0.0	0.0	0.0	0.0	0.0	0.0	0.0	0.0	0.0	0.0	581.4563081077281	0.0	0.0	0.0	0.0	0.0	0.0	0.0	0.0	0.0	0.0	0.0	0.0	0.0	0.0	0.0	0.0	0.0	0.0	0.0	0.0	0.0	0.0	0.0	0.0	0.0	0.0
Sample_100	559.6553663707455	430.4029804975715	6767.691149561467	0.0	0.0	0.0	0.0	0.0	0.0	0.0	0.0	0.0	0.0	0.0	0.0	0.0	0.0	0.0	883.7369526606592	0.0	0.0	0.0	0.0	141.3118067242092	963.3434973688728	0.0	0.0	0.0	0.0	0.0	0.0	0.0	0.0	753.2730352803292	0.0	0.0	867.4808752683986	0.0	0.0	0.0	0.0	319.7304097056777	801.9741764887185	0.0	0.0	0.0	0.0	0.0	0.0	0.0	0.0	0.0	0.0	0.0	0.0	0.0	0.0	0.0	0.0	626.1808716631017	0.0	0.0	0.0	0.0	0.0	0.0	0.0	0.0	0.0	0.0	1003.3135838981203	0.0	0.0	0.0	0.0	0.0	0.0	0.0	0.0	0.0	0.0	0.0	1130.7564697214393	0.0	1100.8638003362935	0.0
Sample_101	0.0	4158.182178177615	0.0	0.0	0.0	1892.6845392623236	0.0	0.0	0.0	0.0	1368.9352509885643	0.0	0.0	0.0	0.0	0.0	0.0	0.0	5095.685696101683	0.0	0.0	0.0	0.0	0.0	0.0	0.0	0.0	0.0	0.0	0.0	0.0	0.0	0.0	0.0	0.0	0.0	0.0	0.0	0.0	0.0	0.0	0.0	0.0	0.0	1180.7939137926849	0.0	451.6285765746218	0.0	0.0	0.0	0.0	0.0	0.0	0.0	0.0	491.33806692546136	0.0	0.0	0.0	0.0	0.0	0.0	0.0	0.0	0.0	0.0	0.0	0.0	0.0	0.0	0.0	0.0	0.0	0.0	0.0	0.0	0.0	0.0	0.0	0.0	0.0	0.0	0.0	162.0981817617853	0.0	0.0
Sample_102	830.4886789018639	2063.2127757837866	0.0	0.0	0.0	0.0	0.0	813.1008546395658	0.0	0.0	1698.8061992677858	0.0	0.0	0.0	719.4865261826367	0.0	0.0	0.0	1613.828376933771	0.0	0.0	0.0	609.1163301126863	1165.9574126786465	3162.9052094428275	0.0	0.0	0.0	0.0	0.0	0.0	0.0	0.0	0.0	0.0	474.8867422838666	0.0	0.0	0.0	0.0	0.0	0.0	0.0	0.0	1591.9889649419029	0.0	1819.5019757947493	0.0	0.0	0.0	0.0	0.0	0.0	1973.92165148071	0.0	0.0	372.1681417228437	0.0	0.0	0.0	0.0	0.0	0.0	0.0	0.0	0.0	0.0	0.0	0.0	0.0	0.0	0.0	0.0	0.0	0.0	0.0	0.0	0.0	0.0	0.0	0.0	0.0	0.0	0.0	0.0	0.0
Sample_103	4795.775967888837	0.0	0.0	0.0	0.0	1464.047891168596	0.0	0.0	0.0	0.0	0.0	0.0	0.0	3596.715694947512	0.0	0.0	0.0	0.0	0.0	0.0	0.0	0.0	0.0	0.0	0.0	0.0	0.0	0.0	0.0	0.0	0.0	0.0	0.0	0.0	0.0	0.0	0.0	0.0	0.0	0.0	0.0	0.0	0.0	0.0	0.0	0.0	0.0	0.0	0.0	0.0	0.0	0.0	0.0	0.0	0.0	0.0	0.0	0.0	0.0	0.0	0.0	0.0	126.46427122001333	167.17395905122555	0.0	0.0	0.0	0.0	0.0	0.0	0.0	0.0	0.0	3919.72113382796	0.0	0.0	0.0	0.0	0.0	0.0	0.0	0.0	0.0	0.0	0.0	0.0
Sample_104	233.1975366587883	442.82654555593956	0.0	0.0	0.0	780.6922685193234	185.7577692949492	0.0	0.0	0.0	371.6903724287237	0.0	0.0	0.0	0.0	0.0	0.0	0.0	777.9166278345838	0.0	0.0	0.0	0.0	0.0	321.5774694529611	0.0	0.0	0.0	0.0	0.0	0.0	0.0	0.0	0.0	0.0	0.0	0.0	0.0	139.18964618784318	0.0	0.0	101.8295243184135	0.0	0.0	347.77254846261866	0.0	618.8116632353886	0.0	0.0	0.0	0.0	0.0	0.0	0.0	0.0	0.0	0.0	0.0	0.0	0.0	0.0	0.0	0.0	82.13509550103187	0.0	0.0	0.0	0.0	0.0	0.0	0.0	0.0	0.0	0.0	127.80158143492883	0.0	0.0	0.0	0.0	0.0	0.0	0.0	0.0	65.64324613692945	0.0	0.0
Sample_107	1033.3689124947482	1216.2373777270082	0.0	0.0	0.0	522.7551430171344	0.0	0.0	0.0	0.0	416.9789300146198	0.0	0.0	647.0034646372335	0.0	0.0	0.0	0.0	780.885176507441	0.0	0.0	303.18239266242915	0.0	0.0	0.0	205.810811921655	0.0	200.79902732628142	0.0	0.0	0.0	0.0	0.0	0.0	0.0	0.0	0.0	0.0	0.0	108.6070524903397	0.0	64.50514401411473	0.0	0.0	710.3469012322058	0.0	212.78329906831917	0.0	0.0	0.0	0.0	0.0	0.0	0.0	0.0	764.203694411574	0.0	0.0	0.0	0.0	0.0	0.0	0.0	0.0	0.0	0.0	0.0	0.0	0.0	0.0	0.0	0.0	0.0	0.0	0.0	0.0	0.0	0.0	0.0	0.0	0.0	0.0	0.0	0.0	0.0	0.0
Sample_108	6938.272028016923	0.0	0.0	0.0	0.0	909.6406918598514	0.0	0.0	0.0	0.0	0.0	0.0	0.0	4151.075238105599	0.0	0.0	0.0	0.0	0.0	0.0	0.0	180.45622355659248	0.0	0.0	0.0	0.0	0.0	0.0	233.3105959969436	0.0	0.0	0.0	0.0	0.0	0.0	0.0	425.0609611616695	0.0	0.0	0.0	0.0	76.45745846002733	0.0	0.0	0.0	0.0	653.676282908065	0.0	0.0	0.0	0.0	0.0	0.0	0.0	0.0	704.6782064144211	0.0	0.0	0.0	0.0	0.0	79.25566500282801	0.0	0.0	0.0	0.0	0.0	0.0	0.0	0.0	0.0	0.0	0.0	0.0	0.0	0.0	0.0	0.0	0.0	0.0	0.0	0.0	0.0	271.2894260582382	0.0	0.0
Sample_109	3136.2009286315683	1433.4579218475837	0.0	0.0	0.0	0.0	0.0	0.0	0.0	0.0	0.0	0.0	11732.835345691385	2655.6394405319047	0.0	0.0	0.0	0.0	0.0	0.0	0.0	0.0	0.0	0.0	0.0	0.0	0.0	0.0	0.0	0.0	0.0	0.0	0.0	0.0	0.0	0.0	0.0	0.0	0.0	0.0	0.0	0.0	0.0	0.0	0.0	0.0	0.0	0.0	0.0	0.0	0.0	0.0	0.0	0.0	33621.76678309779	0.0	0.0	0.0	0.0	0.0	0.0	139931.6820525464	0.0	0.0	0.0	0.0	0.0	0.0	0.0	0.0	0.0	0.0	0.0	0.0	0.0	0.0	0.0	0.0	0.0	0.0	0.0	0.0	0.0	0.0	0.0	0.0
Sample_110	873.9623335720856	196.89264377410117	0.0	0.0	0.0	1196.7553819377936	0.0	0.0	0.0	175.27971604773984	670.0660146177564	0.0	0.0	507.0635021054812	0.0	0.0	0.0	0.0	153.30798517852364	0.0	0.0	0.0	0.0	0.0	0.0	0.0	0.0	0.0	0.0	0.0	0.0	0.0	0.0	0.0	0.0	0.0	0.0	0.0	0.0	0.0	0.0	0.0	0.0	0.0	642.5342689827868	0.0	296.23287316925996	0.0	0.0	0.0	0.0	0.0	73.23873614780155	0.0	0.0	875.4416667501904	0.0	0.0	0.0	0.0	0.0	0.0	0.0	0.0	0.0	0.0	0.0	0.0	0.0	0.0	0.0	0.0	0.0	0.0	0.0	0.0	0.0	0.0	879.9306371647784	0.0	0.0	0.0	0.0	0.0	0.0	0.0
Sample_111	10025.849367162	0.0	0.0	0.0	0.0	1279.5426622845152	0.0	0.0	0.0	0.0	0.0	0.0	0.0	7757.4438179443205	0.0	0.0	0.0	0.0	149.1376018002335	0.0	0.0	0.0	0.0	0.0	0.0	0.0	0.0	0.0	170.91482685724213	0.0	0.0	0.0	0.0	903.3745723961397	0.0	0.0	0.0	0.0	0.0	0.0	0.0	0.0	0.0	0.0	0.0	0.0	0.0	0.0	0.0	0.0	0.0	0.0	137.2842639504602	0.0	0.0	2809.7352656283215	0.0	0.0	0.0	0.0	0.0	0.0	86.34115985947884	0.0	0.0	0.0	0.0	0.0	0.0	0.0	0.0	0.0	0.0	5509.022378707889	0.0	0.0	0.0	0.0	0.0	0.0	0.0	0.0	0.0	0.0	0.0	0.0
Sample_112	393.1760170938925	938.9686283282441	2989.9386504038175	0.0	0.0	0.0	251.80736915117845	0.0	0.0	0.0	0.0	0.0	144.0408291656499	0.0	0.0	0.0	0.0	0.0	3179.3858309383563	0.0	0.0	0.0	0.0	0.0	0.0	0.0	0.0	0.0	0.0	0.0	0.0	0.0	0.0	0.0	0.0	0.0	238.6468489582056	0.0	0.0	0.0	0.0	0.0	0.0	0.0	0.0	0.0	1539.566926174612	0.0	0.0	0.0	466.76023483234485	563.5015641414094	0.0	298.6010405213578	0.0	0.0	0.0	0.0	0.0	0.0	0.0	0.0	0.0	0.0	0.0	0.0	0.0	0.0	0.0	0.0	0.0	0.0	0.0	0.0	0.0	0.0	0.0	0.0	0.0	0.0	0.0	0.0	526.2638411694214	0.0	0.0	0.0
Sample_113	555.6583783508	397.9728156460062	2984.674985609522	0.0	0.0	0.0	0.0	0.0	0.0	0.0	1978.158582369831	524.8169985051923	0.0	0.0	0.0	0.0	0.0	0.0	578.071045169275	0.0	0.0	286.6992044608687	0.0	0.0	497.56960053618917	316.6661432158244	0.0	0.0	0.0	0.0	0.0	0.0	0.0	0.0	0.0	0.0	0.0	0.0	0.0	0.0	0.0	0.0	0.0	0.0	0.0	0.0	1441.184951263988	0.0	0.0	0.0	0.0	0.0	0.0	894.4505658662513	0.0	0.0	0.0	0.0	0.0	451.10341845691426	0.0	0.0	0.0	0.0	0.0	0.0	0.0	0.0	0.0	0.0	0.0	0.0	0.0	0.0	0.0	0.0	0.0	0.0	0.0	0.0	0.0	0.0	866.2167545669645	0.0	0.0	0.0
Sample_114	789.6456124921702	124.69917867950385	0.0	0.0	0.0	640.3620461810641	0.0	0.0	0.0	830.2343948470965	133.05141537589316	0.0	0.0	550.9446723346665	0.0	0.0	0.0	0.0	0.0	0.0	323.8459816088363	948.9111239358258	0.0	0.0	0.0	0.0	0.0	757.1260311800673	185.53123146977464	0.0	0.0	0.0	0.0	0.0	0.0	0.0	0.0	0.0	0.0	0.0	0.0	0.0	0.0	0.0	670.7266988438752	0.0	0.0	0.0	0.0	0.0	0.0	0.0	185.3344953076077	0.0	0.0	2927.1358108177415	0.0	0.0	0.0	0.0	0.0	0.0	0.0	0.0	0.0	0.0	0.0	0.0	0.0	0.0	0.0	0.0	141.4045284708134	188.56420216346396	0.0	0.0	0.0	0.0	0.0	0.0	0.0	0.0	0.0	0.0	0.0	0.0
Sample_115	6741.892107122332	0.0	0.0	0.0	0.0	0.0	0.0	0.0	0.0	0.0	0.0	0.0	0.0	3871.987938102428	0.0	0.0	0.0	0.0	101.53287104808851	0.0	0.0	443.3522182294526	0.0	0.0	0.0	0.0	0.0	0.0	218.0366618234308	0.0	205.49974394641495	0.0	0.0	0.0	0.0	0.0	812.159153917012	0.0	0.0	0.0	0.0	0.0	0.0	0.0	0.0	0.0	0.0	0.0	0.0	0.0	0.0	0.0	95.13005135148057	0.0	0.0	1329.6608683543695	0.0	0.0	0.0	0.0	0.0	399.4923534071723	0.0	0.0	0.0	0.0	0.0	0.0	0.0	0.0	0.0	0.0	0.0	0.0	0.0	0.0	0.0	0.0	0.0	0.0	0.0	0.0	0.0	0.0	0.0	376.0506581296588
Sample_116	677.9368273937556	0.0	0.0	0.0	0.0	0.0	0.0	0.0	0.0	976.4392120709467	223.20930347127683	0.0	0.0	358.27289341446004	0.0	0.0	0.0	0.0	68.21684685568913	0.0	278.61555561679336	1311.9421246788445	0.0	0.0	0.0	0.0	0.0	1194.8333378639236	313.7474128720337	0.0	0.0	0.0	0.0	0.0	0.0	0.0	0.0	0.0	0.0	0.0	0.0	0.0	0.0	0.0	2885.6329246413025	0.0	0.0	0.0	0.0	0.0	0.0	0.0	225.21739799265941	0.0	0.0	5591.2211514869805	0.0	0.0	0.0	0.0	0.0	0.0	0.0	0.0	0.0	0.0	0.0	0.0	0.0	0.0	0.0	0.0	0.0	0.0	0.0	0.0	0.0	0.0	0.0	0.0	0.0	0.0	0.0	0.0	0.0	0.0
Sample_117	139.18341399225375	0.0	0.0	0.0	0.0	0.0	0.0	0.0	0.0	0.0	0.0	0.0	0.0	0.0	0.0	0.0	0.0	0.0	0.0	0.0	0.0	2467.419359004663	407.2677729879824	0.0	0.0	0.0	0.0	2006.014736937184	0.0	0.0	0.0	0.0	0.0	0.0	0.0	0.0	0.0	0.0	0.0	0.0	0.0	0.0	0.0	0.0	5080.153095950627	0.0	0.0	0.0	0.0	0.0	0.0	0.0	0.0	0.0	0.0	14316.076404029438	0.0	0.0	0.0	0.0	0.0	0.0	0.0	0.0	0.0	0.0	0.0	0.0	0.0	0.0	0.0	0.0	0.0	0.0	0.0	0.0	0.0	0.0	0.0	0.0	0.0	0.0	0.0	0.0	0.0	0.0
Sample_118	3229.693108061054	392.1176292571056	0.0	0.0	0.0	2302.9549809290857	0.0	0.0	0.0	0.0	3156.730075612685	0.0	0.0	1924.1245322581933	0.0	0.0	0.0	0.0	751.2925078710222	0.0	0.0	0.0	0.0	0.0	0.0	0.0	0.0	0.0	0.0	0.0	0.0	0.0	0.0	0.0	0.0	0.0	0.0	0.0	0.0	0.0	0.0	0.0	0.0	0.0	4191.115367178765	0.0	3361.274943282642	0.0	0.0	0.0	0.0	0.0	689.7058105243376	0.0	0.0	4794.025529825436	0.0	0.0	0.0	0.0	0.0	0.0	0.0	0.0	0.0	0.0	0.0	0.0	0.0	0.0	0.0	0.0	0.0	0.0	0.0	0.0	0.0	0.0	3980.881497628794	0.0	0.0	0.0	0.0	0.0	0.0	0.0
Sample_119	8770.719219078012	5169.017556874604	0.0	0.0	0.0	0.0	0.0	0.0	0.0	0.0	0.0	0.0	167616.55044900154	95935.92730373687	0.0	0.0	9933.15085419601	0.0	0.0	8084.105597098598	0.0	0.0	0.0	0.0	0.0	0.0	0.0	7791.707435075194	0.0	0.0	0.0	0.0	0.0	0.0	0.0	54944.45356757594	0.0	0.0	0.0	0.0	2391.0367522487413	0.0	0.0	0.0	0.0	0.0	0.0	0.0	0.0	0.0	0.0	0.0	0.0	0.0	0.0	0.0	0.0	0.0	0.0	0.0	0.0	0.0	0.0	0.0	0.0	0.0	12924.443816531168	0.0	0.0	0.0	0.0	0.0	0.0	0.0	6548.482282350975	0.0	0.0	0.0	0.0	0.0	0.0	0.0	0.0	0.0	0.0	0.0
Sample_120	10382.54749803491	212.2431127370059	0.0	0.0	0.0	790.5089157664875	0.0	0.0	0.0	0.0	937.2522946569909	0.0	0.0	6211.495473790168	0.0	0.0	0.0	2362.26430511437	541.9775833428946	0.0	0.0	460.3462430784026	405.4303878933972	0.0	0.0	0.0	0.0	0.0	0.0	587.876469086857	648.1439318410532	0.0	0.0	0.0	0.0	0.0	744.3978938189729	0.0	0.0	0.0	0.0	0.0	0.0	0.0	0.0	0.0	1582.9989110406184	0.0	0.0	0.0	0.0	0.0	330.42218195948465	0.0	0.0	0.0	0.0	0.0	0.0	0.0	0.0	0.0	0.0	0.0	0.0	0.0	0.0	0.0	0.0	0.0	0.0	0.0	0.0	0.0	0.0	0.0	0.0	0.0	0.0	0.0	0.0	0.0	0.0	505.4215494454836	0.0	0.0
Sample_121	368.1797344051467	110.73831297272127	2227.580861246968	0.0	859.5037891367258	0.0	0.0	0.0	0.0	0.0	0.0	0.0	0.0	0.0	0.0	0.0	0.0	0.0	328.5778632872959	0.0	0.0	0.0	0.0	68.71911979337249	0.0	0.0	0.0	0.0	0.0	0.0	0.0	0.0	0.0	0.0	0.0	0.0	0.0	0.0	0.0	0.0	0.0	107.34512112303004	0.0	242.74597486340357	507.5863394925914	0.0	1573.9662050556913	0.0	0.0	0.0	0.0	310.94651473661526	0.0	290.83686434534184	0.0	0.0	0.0	0.0	0.0	224.873761744543	0.0	0.0	0.0	0.0	0.0	0.0	0.0	0.0	0.0	0.0	0.0	0.0	0.0	0.0	0.0	0.0	0.0	0.0	0.0	0.0	0.0	0.0	546.7934088951815	0.0	0.0	0.0
Sample_122	1644.256210930524	19.09539339798294	0.0	0.0	0.0	1285.6915619090782	0.0	0.0	0.0	0.0	554.1668089161099	0.0	0.0	1064.4516933929517	0.0	0.0	0.0	0.0	94.81334823602623	0.0	0.0	452.0427007191831	0.0	0.0	0.0	0.0	0.0	0.0	0.0	0.0	0.0	0.0	0.0	0.0	0.0	0.0	320.5054188058791	0.0	0.0	0.0	0.0	82.65187699572078	0.0	0.0	667.9893575516252	0.0	122.21113244262327	0.0	0.0	0.0	0.0	0.0	0.0	0.0	0.0	476.6638545017868	0.0	0.0	0.0	0.0	0.0	0.0	0.0	0.0	0.0	0.0	0.0	0.0	0.0	0.0	0.0	0.0	0.0	0.0	0.0	0.0	0.0	0.0	0.0	0.0	0.0	0.0	0.0	125.65918714028862	0.0	0.0
Sample_123	675.1204501920027	1775.3873576364763	0.0	0.0	0.0	2275.2682850262318	0.0	0.0	0.0	0.0	721.9766108435541	0.0	0.0	647.9541603324291	0.0	0.0	0.0	0.0	1733.3852564511512	0.0	0.0	1096.7463529730016	0.0	0.0	0.0	0.0	0.0	0.0	232.64135445213734	0.0	0.0	0.0	0.0	0.0	0.0	0.0	571.1077753344005	0.0	662.047031633022	0.0	0.0	0.0	0.0	0.0	1903.7817576261516	0.0	0.0	0.0	0.0	0.0	0.0	0.0	0.0	0.0	0.0	1642.1029792487616	0.0	0.0	0.0	0.0	373.22993849927525	0.0	171.95458934297926	0.0	0.0	0.0	0.0	0.0	0.0	0.0	0.0	0.0	0.0	0.0	0.0	0.0	0.0	0.0	0.0	0.0	0.0	0.0	0.0	0.0	0.0	0.0
Sample_125	306.33168160395047	0.0	270.71083439048437	0.0	0.0	386.9515162731104	0.0	0.0	0.0	0.0	0.0	0.0	0.0	64.67636695296424	0.0	0.0	0.0	311.2426443006239	40.52277445334225	0.0	0.0	77.82394413047246	0.0	23.843728284310814	0.0	0.0	0.0	0.0	0.0	0.0	0.0	169.00642062481828	0.0	0.0	0.0	0.0	0.0	0.0	0.0	0.0	43.28477792682269	75.19543451072212	0.0	0.0	0.0	0.0	0.0	1285.6138954600078	0.0	0.0	0.0	0.0	0.0	0.0	0.0	0.0	0.0	0.0	0.0	0.0	0.0	0.0	0.0	0.0	0.0	0.0	0.0	0.0	0.0	0.0	0.0	0.0	0.0	0.0	0.0	0.0	0.0	0.0	0.0	0.0	0.0	0.0	0.0	0.0	0.0	0.0
Sample_126	830.6753683072462	357.6335819648772	0.0	0.0	2682.2608474820972	0.0	0.0	0.0	0.0	0.0	827.6905545791349	0.0	116.41903421810076	0.0	0.0	0.0	0.0	0.0	123.34019646572625	0.0	334.35845294785787	0.0	0.0	64.14053912049337	0.0	212.61189013168098	0.0	0.0	0.0	0.0	0.0	0.0	0.0	0.0	0.0	0.0	0.0	337.86113015601205	0.0	0.0	0.0	212.05258955200253	0.0	0.0	347.97009916683146	0.0	0.0	2240.139544185635	0.0	0.0	0.0	0.0	0.0	0.0	0.0	0.0	0.0	0.0	0.0	0.0	0.0	0.0	0.0	0.0	0.0	0.0	0.0	0.0	0.0	0.0	0.0	0.0	0.0	0.0	0.0	0.0	0.0	0.0	0.0	0.0	0.0	0.0	0.0	0.0	0.0	0.0
Sample_127	0.0	79.32589043810611	0.0	0.0	0.0	538.6389656909072	0.0	0.0	0.0	0.0	0.0	421.6001344325829	0.0	87.11153215801859	0.0	0.0	0.0	0.0	132.6472169024225	0.0	0.0	159.34726906452082	0.0	0.0	0.0	0.0	0.0	96.75114574798093	111.88266787419883	0.0	0.0	0.0	0.0	0.0	0.0	0.0	384.6373184085575	0.0	0.0	0.0	0.0	0.0	0.0	0.0	190.93125184893893	0.0	0.0	706.7417905676651	0.0	0.0	0.0	0.0	0.0	0.0	0.0	0.0	0.0	0.0	0.0	0.0	0.0	0.0	0.0	0.0	0.0	0.0	0.0	0.0	0.0	0.0	0.0	412.04092040187265	335.81257062642186	0.0	0.0	0.0	0.0	0.0	0.0	294.0515255098943	276.38737815994136	0.0	0.0	0.0	0.0	0.0
Sample_128	775.5304832702835	413.54610398245086	0.0	0.0	1728.2285733070185	285.131864938334	0.0	320.5518704011889	0.0	0.0	0.0	0.0	0.0	0.0	307.6229344715515	0.0	0.0	0.0	165.60246289245197	0.0	0.0	0.0	0.0	0.0	0.0	0.0	0.0	0.0	0.0	0.0	0.0	0.0	0.0	0.0	0.0	0.0	190.1337981017633	0.0	0.0	0.0	0.0	114.72509560347743	0.0	0.0	0.0	0.0	0.0	1386.8777717516555	0.0	0.0	0.0	0.0	0.0	0.0	0.0	0.0	0.0	0.0	0.0	0.0	0.0	0.0	0.0	0.0	0.0	0.0	0.0	0.0	0.0	0.0	0.0	0.0	0.0	0.0	0.0	0.0	0.0	0.0	0.0	0.0	0.0	0.0	0.0	0.0	0.0	0.0
Sample_131	328.427141254037	71.18594642092819	406.30414037206947	0.0	545.8728922479049	135.63798940951062	0.0	0.0	0.0	0.0	232.0390968612284	0.0	0.0	0.0	0.0	0.0	0.0	0.0	0.0	0.0	0.0	0.0	28.27322784109467	32.440617184688215	335.39791139318606	0.0	0.0	0.0	0.0	0.0	0.0	0.0	0.0	0.0	0.0	0.0	0.0	0.0	0.0	0.0	0.0	41.07010106518624	0.0	0.0	0.0	0.0	0.0	784.908903759318	0.0	0.0	0.0	0.0	0.0	0.0	0.0	0.0	0.0	0.0	0.0	0.0	0.0	0.0	0.0	0.0	0.0	0.0	0.0	0.0	0.0	0.0	0.0	0.0	0.0	0.0	0.0	0.0	0.0	0.0	0.0	0.0	0.0	0.0	0.0	0.0	0.0	0.0
Sample_132	98.61166682636457	19.397986831888957	0.0	0.0	370.78706667644144	140.60702865563647	0.0	0.0	0.0	0.0	134.6481917582754	0.0	0.0	0.0	0.0	0.0	0.0	0.0	0.0	0.0	118.78269548305661	0.0	0.0	0.0	0.0	0.0	0.0	0.0	0.0	0.0	69.99079995497274	0.0	0.0	0.0	0.0	0.0	0.0	0.0	0.0	0.0	0.0	17.94516988795957	0.0	0.0	0.0	0.0	0.0	135.68848674202627	0.0	0.0	0.0	0.0	0.0	0.0	0.0	0.0	0.0	0.0	0.0	0.0	0.0	0.0	0.0	0.0	0.0	0.0	0.0	0.0	0.0	0.0	0.0	0.0	0.0	0.0	0.0	0.0	0.0	0.0	0.0	0.0	0.0	0.0	0.0	58.22592899109331	17.632127411628517	0.0
Sample_133	207.30111171893566	471.1434218710498	0.0	0.0	0.0	568.9116362372711	0.0	0.0	0.0	0.0	0.0	0.0	0.0	111.40185456661719	0.0	0.0	0.0	434.37682720385635	241.32728586650228	0.0	0.0	0.0	0.0	21.17519053945651	0.0	0.0	0.0	0.0	0.0	0.0	0.0	0.0	0.0	0.0	0.0	0.0	228.48682378382097	0.0	0.0	0.0	0.0	111.21511176916866	0.0	0.0	0.0	0.0	0.0	1084.6142459308546	0.0	0.0	0.0	0.0	0.0	0.0	0.0	0.0	0.0	0.0	0.0	0.0	0.0	0.0	0.0	0.0	0.0	0.0	0.0	0.0	0.0	0.0	0.0	0.0	57.35998219559073	136.76355584057416	0.0	0.0	0.0	0.0	0.0	0.0	0.0	0.0	128.9421016927265	100.5597354940051	0.0	0.0
Sample_134	81.05720662677717	0.0	163.27964571669327	0.0	0.0	344.6245835369427	0.0	0.0	0.0	0.0	0.0	38.30693909485028	24.680757374713252	46.9772874960502	0.0	0.0	0.0	119.17722211954845	0.0	0.0	93.17462171076397	99.56189944774617	0.0	0.0	0.0	0.0	0.0	0.0	0.0	0.0	0.0	65.83330998908895	0.0	0.0	0.0	0.0	0.0	0.0	0.0	0.0	0.0	57.33246386289538	0.0	0.0	0.0	0.0	0.0	599.0872412128473	0.0	0.0	0.0	0.0	0.0	0.0	0.0	0.0	0.0	0.0	0.0	0.0	0.0	0.0	0.0	59.28288230523697	0.0	0.0	0.0	0.0	0.0	0.0	0.0	0.0	0.0	0.0	0.0	0.0	0.0	0.0	0.0	0.0	0.0	0.0	0.0	38.03547157823274	18.67059124747027	0.0
Sample_135	2096.079266561639	0.0	0.0	0.0	0.0	482.59278518844076	0.0	0.0	0.0	0.0	0.0	0.0	0.0	1080.7763598103948	0.0	0.0	0.0	0.0	0.0	0.0	0.0	0.0	0.0	0.0	0.0	0.0	0.0	0.0	64.53539828890771	0.0	0.0	0.0	0.0	0.0	0.0	0.0	66.02954331288151	0.0	0.0	0.0	0.0	28.41638540155809	0.0	0.0	92.39994081939692	0.0	373.7268442600152	0.0	0.0	0.0	0.0	0.0	33.82263559359275	0.0	0.0	729.9310716587916	0.0	0.0	0.0	0.0	0.0	0.0	0.0	0.0	0.0	0.0	0.0	0.0	0.0	0.0	0.0	0.0	0.0	0.0	0.0	0.0	0.0	0.0	368.0538101582406	0.0	0.0	0.0	0.0	0.0	0.0	0.0
Sample_136	3686.9142683914893	4496.95387661189	0.0	0.0	0.0	3838.0781254600342	0.0	0.0	0.0	0.0	0.0	0.0	0.0	1939.5309950967917	0.0	0.0	0.0	0.0	3993.5101773418814	0.0	0.0	0.0	0.0	0.0	0.0	0.0	0.0	0.0	1167.0659032739966	0.0	0.0	0.0	0.0	0.0	0.0	0.0	0.0	0.0	0.0	3528.998929765897	0.0	751.0473528826949	0.0	0.0	12308.650560783044	0.0	1200.4867003559682	0.0	0.0	0.0	0.0	0.0	0.0	0.0	0.0	3446.028904043365	0.0	0.0	0.0	1859.174972329397	0.0	0.0	0.0	0.0	0.0	0.0	0.0	0.0	0.0	0.0	0.0	0.0	0.0	0.0	0.0	0.0	0.0	0.0	9337.421626696112	0.0	0.0	0.0	3454.359742122525	0.0	0.0	0.0
Sample_137	0.0	24487.882490972726	0.0	0.0	0.0	0.0	0.0	0.0	0.0	0.0	0.0	0.0	0.0	0.0	0.0	0.0	0.0	0.0	24292.164068115402	0.0	682.6540518109199	0.0	0.0	0.0	0.0	0.0	0.0	0.0	221.78424580745005	0.0	0.0	0.0	0.0	722.9297099971732	0.0	0.0	0.0	0.0	0.0	0.0	0.0	0.0	0.0	0.0	0.0	0.0	0.0	0.0	0.0	0.0	0.0	0.0	0.0	0.0	0.0	0.0	0.0	0.0	0.0	0.0	0.0	0.0	0.0	0.0	0.0	0.0	0.0	0.0	0.0	0.0	404.91541339335527	0.0	0.0	0.0	360.985240872599	0.0	0.0	0.0	0.0	0.0	0.0	0.0	0.0	947.7856160044199	0.0	0.0
Sample_138	0.0	83.04565947927551	0.0	0.0	0.0	560.2218440823245	0.0	0.0	0.0	87.81933869309336	0.0	0.0	0.0	53.08480614266213	0.0	0.0	0.0	0.0	55.34257944685471	0.0	0.0	197.70577244403646	0.0	0.0	0.0	0.0	0.0	0.0	0.0	0.0	0.0	0.0	0.0	180.1188473207655	0.0	0.0	0.0	0.0	167.66145496540685	0.0	0.0	64.0388610019905	0.0	0.0	0.0	0.0	201.96856027991916	0.0	745.3239820851296	0.0	0.0	0.0	0.0	0.0	0.0	0.0	0.0	0.0	0.0	156.01642236233215	0.0	0.0	0.0	0.0	0.0	0.0	0.0	0.0	0.0	0.0	0.0	0.0	0.0	0.0	0.0	0.0	0.0	0.0	0.0	0.0	279.75021061530697	453.5166453933092	158.02043614704579	80.41384582466347	0.0	0.0
Sample_139	207.1613598143995	198.11512943660867	0.0	0.0	0.0	449.8939795206746	255.42167026800985	0.0	0.0	0.0	160.69676824551584	0.0	52.579038834616085	0.0	0.0	0.0	0.0	0.0	241.43093814394263	0.0	0.0	132.56706246439666	0.0	0.0	0.0	0.0	0.0	76.3526435917616	0.0	0.0	0.0	0.0	0.0	0.0	0.0	0.0	223.77269215249726	0.0	0.0	0.0	0.0	52.36719651669739	0.0	0.0	0.0	0.0	203.23022708732822	703.3151189848709	0.0	0.0	0.0	0.0	0.0	0.0	0.0	142.22164153059933	0.0	0.0	0.0	0.0	0.0	0.0	0.0	0.0	0.0	0.0	0.0	0.0	0.0	0.0	0.0	0.0	0.0	0.0	0.0	0.0	0.0	0.0	0.0	123.04352935960594	0.0	0.0	0.0	56.75311540715642	0.0	0.0
Sample_140	434.50452463650316	831.3966152147085	0.0	897.2938461303186	1927.6762010802552	0.0	0.0	0.0	0.0	0.0	1786.8633924215017	0.0	0.0	0.0	0.0	0.0	0.0	671.3053815506725	1146.546708477384	0.0	0.0	0.0	0.0	65.05961162466511	0.0	274.99691066650666	0.0	0.0	0.0	0.0	0.0	0.0	0.0	0.0	0.0	0.0	0.0	0.0	0.0	0.0	0.0	0.0	0.0	0.0	0.0	0.0	1804.66738759772	1956.0637616150973	0.0	0.0	0.0	0.0	0.0	0.0	0.0	0.0	0.0	0.0	0.0	0.0	0.0	0.0	0.0	0.0	143.79647935443455	0.0	0.0	0.0	0.0	0.0	0.0	0.0	0.0	0.0	0.0	0.0	0.0	0.0	0.0	0.0	0.0	0.0	0.0	0.0	0.0	0.0
Sample_141	412.56113796555763	118.77625943365238	0.0	0.0	1498.5178209652072	663.3266848384744	0.0	223.53294654345373	0.0	0.0	1055.6153242208045	0.0	0.0	0.0	0.0	0.0	0.0	0.0	0.0	0.0	0.0	0.0	0.0	0.0	537.3740888273525	0.0	0.0	0.0	0.0	0.0	0.0	0.0	0.0	0.0	0.0	0.0	0.0	0.0	0.0	0.0	0.0	119.1195306650357	0.0	0.0	973.5774684314981	0.0	750.5282132561504	1781.6155091744088	0.0	0.0	0.0	0.0	0.0	0.0	0.0	458.28211298776506	0.0	0.0	0.0	0.0	0.0	0.0	0.0	0.0	0.0	0.0	0.0	0.0	0.0	0.0	0.0	0.0	0.0	0.0	0.0	0.0	0.0	0.0	0.0	0.0	0.0	0.0	0.0	0.0	0.0	0.0
Sample_142	0.0	221.4060281844241	2241.0186517872894	0.0	0.0	1116.7039076750648	411.15822781071614	0.0	0.0	0.0	1987.9205463123487	529.4956109435412	0.0	0.0	0.0	0.0	0.0	439.2021089928123	641.9072146651491	0.0	0.0	0.0	0.0	0.0	926.1709769182307	0.0	0.0	0.0	0.0	0.0	0.0	0.0	0.0	0.0	0.0	0.0	0.0	0.0	0.0	0.0	0.0	0.0	0.0	0.0	0.0	0.0	1419.686616008863	0.0	0.0	0.0	0.0	492.5844796494479	0.0	0.0	0.0	0.0	0.0	0.0	0.0	0.0	0.0	0.0	0.0	0.0	0.0	0.0	0.0	577.8463686334886	0.0	0.0	0.0	0.0	0.0	0.0	0.0	0.0	0.0	0.0	0.0	0.0	0.0	0.0	0.0	0.0	0.0	0.0
Sample_143	0.0	624.908845665115	0.0	0.0	0.0	1660.7530584179344	0.0	0.0	0.0	893.6972400950874	2676.467464896588	0.0	0.0	282.0968711515976	0.0	0.0	0.0	0.0	1295.2782752991413	0.0	0.0	831.0142998235945	0.0	0.0	0.0	0.0	0.0	0.0	0.0	0.0	0.0	0.0	0.0	0.0	0.0	0.0	0.0	0.0	0.0	0.0	0.0	0.0	0.0	0.0	1806.3315377951412	0.0	2953.517819794185	0.0	0.0	878.7485229847958	0.0	0.0	270.8800587627061	0.0	0.0	3833.1450333217904	0.0	0.0	0.0	0.0	0.0	0.0	0.0	0.0	0.0	0.0	0.0	0.0	0.0	0.0	0.0	0.0	0.0	0.0	0.0	0.0	0.0	0.0	0.0	0.0	0.0	0.0	0.0	0.0	0.0	0.0
Sample_144	86.39846475850715	398.90411210240364	0.0	0.0	0.0	492.5727488350806	0.0	0.0	0.0	106.34097642543875	197.60605601270345	0.0	0.0	99.1464983677002	0.0	0.0	0.0	0.0	303.5397718835038	0.0	0.0	169.44714691655446	0.0	0.0	0.0	0.0	0.0	89.40853740371438	0.0	0.0	88.53645553239785	79.58218445254853	0.0	0.0	0.0	0.0	0.0	0.0	0.0	0.0	0.0	46.99568047798555	0.0	0.0	297.10833779987377	0.0	75.19959801376145	0.0	0.0	0.0	0.0	0.0	0.0	0.0	0.0	412.13358933905795	0.0	0.0	0.0	51.33340079167192	0.0	0.0	0.0	0.0	0.0	0.0	0.0	0.0	0.0	0.0	0.0	0.0	0.0	0.0	0.0	0.0	0.0	0.0	0.0	0.0	0.0	0.0	0.0	0.0	0.0	0.0
Sample_145	172.32471233225232	0.0	189.72375836812893	0.0	0.0	122.75255888079359	0.0	0.0	0.0	0.0	0.0	0.0	0.0	41.98237176726609	109.31191925928039	0.0	0.0	136.553459076535	30.178335620314765	0.0	112.13664579791711	0.0	0.0	0.0	0.0	0.0	0.0	0.0	0.0	0.0	0.0	0.0	0.0	0.0	0.0	0.0	0.0	0.0	0.0	0.0	25.731795494018343	0.0	0.0	0.0	0.0	0.0	0.0	541.8423279682078	0.0	0.0	0.0	0.0	0.0	0.0	0.0	0.0	0.0	7.668650735019391	0.0	58.68968399414621	0.0	0.0	0.0	0.0	0.0	0.0	0.0	0.0	31.94520665369044	0.0	0.0	85.32439958131337	0.0	72.56245929350169	73.95532276869585	0.0	0.0	0.0	0.0	0.0	0.0	0.0	0.0	47.73545781703109	0.0	0.0
